run_id,candidate_id,dof,reference_kind,old_heave_reference_used,period,reference_period,period_error_pct,zeta,reference_zeta,nrmse,j_dof,j_shape,amplitude_error,start_amplitude_error,start_amplitude_abs_ratio,start_amplitude_signed_ratio,reference_decay_start,model_decay_start,reference_raw_start,model_raw_start,decay_start_time_shift,phase_error,envelope_error,ler_error,fp_error,leak_json,reference_leak_json,morph_json,metric_status,notes
RUN_0001_FD_ROLL_CAND_TEST,CAND_TEST,FD_ROLL,curated,false,32.980433,31.040392,6.250052,0.0161904,0.02049542,0.1097995,0.1097995,0.99393663,0.98436948,,,,,,,,,,0.98209964,3.6402827,0.98436948,"{""Surge"":22.525047930274553,""Sway"":6.385326925003272,""Heave"":2.3022827699919626,""Pitch"":14.667967295937832,""Yaw"":1.5971631349999702}","{""Surge"":0.13004178340036146,""Sway"":0.2811231135878405,""Heave"":0.032594922860306255,""Pitch"":0.24847735333665472,""Yaw"":0.10705157585119539}","{""J_wave"":0.10979949911871048,""J_shape"":0.9939366340847137,""env_err"":0.9820996422304437,""fp_err"":0.9843694835712572,""LERD"":0.006198794134455628,""LERM"":0.028764156990869722,""LER_err"":3.6402826690091015,""Tend"":534.925}",PASS,metrics computed from 04_current_runs/runs/RUN_0001_FD_ROLL_CAND_TEST/input/OpenFAST_input_files/IEA-15-240-RWT-UMaineSemi.out
RUN_0002_FD_ROLL_CAND_TEST,CAND_TEST,FD_ROLL,curated,false,32.980433,31.040392,6.250052,0.0161904,0.02049542,0.1097995,0.1097995,0.99393663,0.98436948,,,,,,,,,,0.98209964,3.6402827,0.98436948,"{""Surge"":22.525047930274553,""Sway"":6.385326925003272,""Heave"":2.3022827699919626,""Pitch"":14.667967295937832,""Yaw"":1.5971631349999702}","{""Surge"":0.13004178340036146,""Sway"":0.2811231135878405,""Heave"":0.032594922860306255,""Pitch"":0.24847735333665472,""Yaw"":0.10705157585119539}","{""J_wave"":0.10979949911871048,""J_shape"":0.9939366340847137,""env_err"":0.9820996422304437,""fp_err"":0.9843694835712572,""LERD"":0.006198794134455628,""LERM"":0.028764156990869722,""LER_err"":3.6402826690091015,""Tend"":534.925}",PASS,metrics computed from 04_current_runs/runs/RUN_0002_FD_ROLL_CAND_TEST/input/OpenFAST_input_files/IEA-15-240-RWT-UMaineSemi.out
RUN_0001_FD_PITCH_PHYS_PITCH_BASE_64324Z0000,PHYS_PITCH_BASE_64324Z0000,FD_PITCH,curated,false,8.4971535,30.598882,72.23051,0.0048170764,0.025569995,0.14529556,0.14529556,1.1559794,0.63375074,,,,,,,,,,0.4895054,0.95751181,0.63375074,"{""Surge"":2.4188754771872163,""Sway"":0.2518093166962605,""Heave"":0.14527593044525738,""Roll"":0.04949999692224965,""Yaw"":0.12173281595620743}","{""Surge"":0.3652553627158409,""Sway"":0.11511580438120428,""Heave"":0.09709203619753709,""Roll"":0.24451383619627762,""Yaw"":0.12733165013806358}","{""J_wave"":0.14529556480053424,""J_shape"":1.155979372353125,""env_err"":0.4895053977512767,""fp_err"":0.6337507364672056,""LERD"":0.013125939777430977,""LERM"":0.000557697420495476,""LER_err"":0.9575118102054382,""Tend"":484.68}",PASS,metrics computed from 04_current_runs/runs/RUN_0001_FD_PITCH_PHYS_PITCH_BASE_64324Z0000/input/OpenFAST_input_files/IEA-15-240-RWT-UMaineSemi.out
RUN_0001_FD_SURGE_PHYS_SURGE_BASE_70258Z0000,PHYS_SURGE_BASE_70258Z0000,FD_SURGE,curated,false,11.255791,82.763612,86.400072,0.0026395132,0.020242479,0.14118563,0.14118563,1.1083569,0.60587018,,,,,,,,,,0.63018581,0.75465199,0.60587018,"{""Sway"":0.1245081655367507,""Heave"":0.05331231566343966,""Roll"":0.025185943763258476,""Pitch"":0.5750014765506691,""Yaw"":0.053891836712260506}","{""Sway"":0.15896017090110728,""Heave"":0.01968059507325694,""Roll"":0.03291602612100948,""Pitch"":0.10723769417504003,""Yaw"":0.03816688415976064}","{""J_wave"":0.14118563128170775,""J_shape"":1.1083568981056875,""env_err"":0.6301858072313558,""fp_err"":0.6058701814377145,""LERD"":0.003995852928715648,""LERM"":0.0009803745633323083,""LER_err"":0.7546519902454414,""Tend"":740.9499999999999}",PASS,metrics computed from 04_current_runs/runs/RUN_0001_FD_SURGE_PHYS_SURGE_BASE_70258Z0000/input/OpenFAST_input_files/IEA-15-240-RWT-UMaineSemi.out
RUN_0002_FD_SURGE_RBQ90_PBL255_IMPORTED_PACKAGE,RBQ90_PBL255_IMPORTED_PACKAGE,FD_SURGE,curated,false,73.447738,82.763612,11.256003,0.0086445116,0.020242479,0.19100307,0.19100307,1.736505,0.058797878,,,,,,,,,,0.38023557,1.6722015,0.058797878,"{""Sway"":0.09958462396391045,""Heave"":0.1506206567791624,""Roll"":0.19623457193236082,""Pitch"":0.19252577883011227,""Yaw"":0.24557169318746438}","{""Sway"":0.15896017090110728,""Heave"":0.01968059507325694,""Roll"":0.03291602612100948,""Pitch"":0.10723769417504003,""Yaw"":0.03816688415976064}","{""J_wave"":0.19100306645174162,""J_shape"":1.73650501860652,""env_err"":0.38023556688713633,""fp_err"":0.05879787776816798,""LERD"":0.003995852928715648,""LERM"":0.010677724066267841,""LER_err"":1.6722014690615474,""Tend"":740.9499999999999}",PASS,metrics computed from 04_current_runs/runs/RUN_0002_FD_SURGE_RBQ90_PBL255_IMPORTED_PACKAGE/input/qg_r001_center_surge_9d3daf69.out
RUN_0001_FD_SWAY_RBQ90_PBL255_IMPORTED_PACKAGE,RBQ90_PBL255_IMPORTED_PACKAGE,FD_SWAY,curated,false,79.6975,79.430459,0.33619512,0.014835088,0.023182848,0.18680809,0.18680809,1.6111874,0.10040307,,,,,,,,,,0.36455892,0.43219327,0.10040307,"{""Surge"":0.24253690890641216,""Heave"":0.2180346334450015,""Roll"":0.22683506273478127,""Pitch"":0.1507262440704654,""Yaw"":0.39752680476834956}","{""Surge"":0.09911156186697814,""Heave"":0.018040555839837675,""Roll"":0.11940848210435888,""Pitch"":0.0384504331662194,""Yaw"":0.1166189583607766}","{""J_wave"":0.18680809321955733,""J_shape"":1.6111873580216733,""env_err"":0.3645589234601821,""fp_err"":0.10040307107122881,""LERD"":0.008732298675839493,""LERM"":0.012506339373558942,""LER_err"":0.432193267525475,""Tend"":899.8}",PASS,metrics computed from 04_current_runs/runs/RUN_0001_FD_SWAY_RBQ90_PBL255_IMPORTED_PACKAGE/input/qg_r001_center_sway_ac064de6.out
RUN_0001_FD_HEAVE_RBQ90_PBL255_IMPORTED_PACKAGE,RBQ90_PBL255_IMPORTED_PACKAGE,FD_HEAVE,curated,false,21.7,20.719426,4.7326329,0.0026388732,0.0063011469,0.11350777,0.11350777,1.6911478,0.38829902,,,,,,,,,,0.47966807,3.3085281,0.38829902,"{""Surge"":1.3257990051623485,""Sway"":0.34413134887989577,""Roll"":1.3862644917740636,""Pitch"":0.6966793866418415,""Yaw"":0.7812968249131615}","{""Surge"":0.694133163574395,""Sway"":0.3830351608671329,""Roll"":0.23088104002761986,""Pitch"":0.08142292151490593,""Yaw"":0.09687871817782223}","{""J_wave"":0.11350777062902036,""J_shape"":1.6911478283680104,""env_err"":0.4796680729260148,""fp_err"":0.38829902454899284,""LERD"":0.002003839225521178,""LERM"":0.00863359768875529,""LER_err"":3.30852813878308,""Tend"":481.07000000000005}",PASS,metrics computed from 04_current_runs/runs/RUN_0001_FD_HEAVE_RBQ90_PBL255_IMPORTED_PACKAGE/input/qg_r001_center_heave_adcda246.out
RUN_0001_FD_ROLL_RBQ90_PBL255_IMPORTED_PACKAGE,RBQ90_PBL255_IMPORTED_PACKAGE,FD_ROLL,curated,false,31.635965,31.040392,1.9187014,0.011375854,0.02049542,0.03904948,0.03904948,1.0350109,0.23737479,,,,,,,,,,0.19039196,1.3015898,0.23737479,"{""Surge"":0.28982106395987406,""Sway"":0.4865682556120836,""Heave"":0.24709133147040696,""Pitch"":0.1552011263099447,""Yaw"":0.21822524725097425}","{""Surge"":0.13004178340036146,""Sway"":0.2811231135878405,""Heave"":0.032594922860306255,""Pitch"":0.24847735333665472,""Yaw"":0.10705157585119539}","{""J_wave"":0.03904947970872835,""J_shape"":1.0350109388523352,""env_err"":0.19039195571492942,""fp_err"":0.2373747947129255,""LERD"":0.0014126079797959585,""LERM"":0.0032512440929364293,""LER_err"":1.3015897824717435,""Tend"":773.8700000000001}",PASS,metrics computed from 04_current_runs/runs/RUN_0001_FD_ROLL_RBQ90_PBL255_IMPORTED_PACKAGE/input/qg_r001_center_roll_38d48f80.out
RUN_0001_FD_PITCH_RBQ90_PBL255_IMPORTED_PACKAGE,RBQ90_PBL255_IMPORTED_PACKAGE,FD_PITCH,curated,false,31.807527,30.598882,3.9499629,0.014882013,0.025569995,0.22047679,0.22047679,1.4517646,0.023297397,,,,,,,,,,0.16199491,0.46411207,0.023297397,"{""Surge"":0.4436692394446724,""Sway"":0.1828424282797745,""Heave"":0.32413580080628784,""Roll"":0.44250051168918947,""Yaw"":0.3678844958153312}","{""Surge"":0.3652553627158409,""Sway"":0.11511580438120428,""Heave"":0.09709203619753709,""Roll"":0.24451383619627762,""Yaw"":0.12733165013806358}","{""J_wave"":0.22047678966734566,""J_shape"":1.451764560966166,""env_err"":0.16199491100525462,""fp_err"":0.023297397123887512,""LERD"":0.013125939777430977,""LERM"":0.007034032710075312,""LER_err"":0.4641120689758322,""Tend"":484.68}",PASS,metrics computed from 04_current_runs/runs/RUN_0001_FD_PITCH_RBQ90_PBL255_IMPORTED_PACKAGE/input/qg_r001_center_pitch_e18abe27.out
RUN_0001_FD_YAW_RBQ90_PBL255_IMPORTED_PACKAGE,RBQ90_PBL255_IMPORTED_PACKAGE,FD_YAW,curated,false,51.584377,50.687273,1.7698804,0.014419733,0.024700713,0.19062326,0.19062326,1.9622106,0.11083667,,,,,,,,,,0.22971802,1.6170478,0.11083667,"{""Surge"":0.44959856933767023,""Sway"":0.273795316230218,""Heave"":0.19339325691750453,""Roll"":0.24577407989259015,""Pitch"":0.19679297885705857}","{""Surge"":0.1667131756781034,""Sway"":0.06151291011602063,""Heave"":0.00833951391833249,""Roll"":0.08748756161027149,""Pitch"":0.06650130575791667}","{""J_wave"":0.19062325880341568,""J_shape"":1.962210581448738,""env_err"":0.2297180211894801,""fp_err"":0.11083667491549014,""LERD"":0.010254479339074602,""LERM"":0.026836462100685667,""LER_err"":1.6170477518468995,""Tend"":628.0}",PASS,metrics computed from 04_current_runs/runs/RUN_0001_FD_YAW_RBQ90_PBL255_IMPORTED_PACKAGE/input/qg_r001_center_yaw_fe6ed2b1.out
RUN_0001_FD_SURGE_IMP_SURGE_00128Z0000_P1,IMP_SURGE_00128Z0000_P1,FD_SURGE,curated,false,70.646086,82.763612,14.641128,0.012440945,0.020242479,0.19305141,0.19305141,1.6786349,0.026449784,,,,,,,,,,0.38203545,18.864577,0.026449784,"{""Sway"":0.1106133489472432,""Heave"":0.1414494610039686,""Roll"":0.18554815428626986,""Pitch"":0.13774102333283011,""Yaw"":0.1744314922955998}","{""Sway"":0.15896017090110728,""Heave"":0.01968059507325694,""Roll"":0.03291602612100948,""Pitch"":0.10723769417504003,""Yaw"":0.03816688415976064}","{""J_wave"":0.19305140616317973,""J_shape"":1.678634906110408,""env_err"":0.3820354522168227,""fp_err"":0.02644978397107284,""LERD"":0.003995852928715648,""LERM"":0.07937592711506024,""LER_err"":18.864576732701057,""Tend"":740.9499999999999}",PASS,metrics computed from 04_current_runs/runs/RUN_0001_FD_SURGE_IMP_SURGE_00128Z0000_P1/input/qg_r001_center_surge_9d3daf69.out
RUN_0001_FD_SURGE_IMP_SURGE_00128Z0000_S1,IMP_SURGE_00128Z0000_S1,FD_SURGE,curated,false,79.200909,82.763612,4.3046735,0.0089282529,0.020242479,0.18413535,0.18413535,1.6956215,0.15557437,,,,,,,,,,0.39521133,7.2951784,0.15557437,"{""Sway"":0.14488273148131023,""Heave"":0.15902924823755468,""Roll"":0.19864670859632316,""Pitch"":0.21536639991499476,""Yaw"":0.23776380318159274}","{""Sway"":0.15896017090110728,""Heave"":0.01968059507325694,""Roll"":0.03291602612100948,""Pitch"":0.10723769417504003,""Yaw"":0.03816688415976064}","{""J_wave"":0.18413534989063193,""J_shape"":1.695621542848237,""env_err"":0.39521132518998375,""fp_err"":0.15557436929399868,""LERD"":0.003995852928715648,""LERM"":0.03314631271458318,""LER_err"":7.29517835263199,""Tend"":740.9499999999999}",PASS,metrics computed from 04_current_runs/runs/RUN_0001_FD_SURGE_IMP_SURGE_00128Z0000_S1/input/qg_r001_center_surge_9d3daf69.out
RUN_0001_FD_HEAVE_IMP_HEAVE_02259Z0000_P1,IMP_HEAVE_02259Z0000_P1,FD_HEAVE,curated,false,21.4,20.719426,3.2847163,0.0020919838,0.0063011469,0.11422457,0.11422457,1.761413,0.3792698,,,,,,,,,,0.47636714,1.8355183,0.3792698,"{""Surge"":1.2376189114821652,""Sway"":0.33927081972996853,""Roll"":1.3936642398409165,""Pitch"":0.8858773780471526,""Yaw"":0.4521327881434618}","{""Surge"":0.694133163574395,""Sway"":0.3830351608671329,""Roll"":0.23088104002761986,""Pitch"":0.08142292151490593,""Yaw"":0.09687871817782223}","{""J_wave"":0.11422457014282848,""J_shape"":1.7614129764560207,""env_err"":0.47636713751432813,""fp_err"":0.3792697976662558,""LERD"":0.002003839225521178,""LERM"":0.005681922758076091,""LER_err"":1.8355182819611098,""Tend"":481.07000000000005}",PASS,metrics computed from 04_current_runs/runs/RUN_0001_FD_HEAVE_IMP_HEAVE_02259Z0000_P1/input/qg_r001_center_heave_adcda246.out
RUN_0001_FD_HEAVE_IMP_HEAVE_02259Z0000_S1,IMP_HEAVE_02259Z0000_S1,FD_HEAVE,curated,false,20.85,20.719426,0.63020258,0.0016759794,0.0063011469,0.11535044,0.11535044,1.8830068,0.35021752,,,,,,,,,,0.46788348,1.7385127,0.35021752,"{""Surge"":1.3630696626267842,""Sway"":0.38463057346429425,""Roll"":1.3648028905773841,""Pitch"":0.841755975655292,""Yaw"":0.8130374132757964}","{""Surge"":0.694133163574395,""Sway"":0.3830351608671329,""Roll"":0.23088104002761986,""Pitch"":0.08142292151490593,""Yaw"":0.09687871817782223}","{""J_wave"":0.11535043787582423,""J_shape"":1.8830068168652994,""env_err"":0.46788347993555895,""fp_err"":0.3502175173814466,""LERD"":0.002003839225521178,""LERM"":0.0054875392333978605,""LER_err"":1.7385127327121805,""Tend"":481.07000000000005}",PASS,metrics computed from 04_current_runs/runs/RUN_0001_FD_HEAVE_IMP_HEAVE_02259Z0000_S1/input/qg_r001_center_heave_adcda246.out
RUN_0001_FD_PITCH_IMP_PITCH_04323Z0000_P1,IMP_PITCH_04323Z0000_P1,FD_PITCH,curated,false,31.079751,30.598882,1.5715242,0.015498798,0.025569995,0.22652275,0.22652275,1.8375376,0.024092768,,,,,,,,,,0.16336823,0.18800492,0.024092768,"{""Surge"":0.3683888906180962,""Sway"":0.21406890982505747,""Heave"":0.32680729231758165,""Roll"":0.45696924517560655,""Yaw"":0.5091880453515873}","{""Surge"":0.3652553627158409,""Sway"":0.11511580438120428,""Heave"":0.09709203619753709,""Roll"":0.24451383619627762,""Yaw"":0.12733165013806358}","{""J_wave"":0.22652275158065094,""J_shape"":1.8375376307566638,""env_err"":0.1633682307962764,""fp_err"":0.024092767535722606,""LERD"":0.013125939777430977,""LERM"":0.015593681032476698,""LER_err"":0.18800491979163342,""Tend"":484.68}",PASS,metrics computed from 04_current_runs/runs/RUN_0001_FD_PITCH_IMP_PITCH_04323Z0000_P1/input/qg_r001_center_pitch_e18abe27.out
RUN_0001_FD_PITCH_IMP_PITCH_04323Z0000_S1,IMP_PITCH_04323Z0000_S1,FD_PITCH,curated,false,30.64802,30.598882,0.16058556,0.015188978,0.025569995,0.22777381,0.22777381,2.0017654,0.020152113,,,,,,,,,,0.16538472,0.25105795,0.020152113,"{""Surge"":0.46775575138692366,""Sway"":0.2093178574881137,""Heave"":0.3265673174445931,""Roll"":0.45898883495409637,""Yaw"":0.40314073679113793}","{""Surge"":0.3652553627158409,""Sway"":0.11511580438120428,""Heave"":0.09709203619753709,""Roll"":0.24451383619627762,""Yaw"":0.12733165013806358}","{""J_wave"":0.22777380636931308,""J_shape"":2.0017653667465667,""env_err"":0.16538471858488032,""fp_err"":0.020152113097916268,""LERD"":0.013125939777430977,""LERM"":0.016421311315503086,""LER_err"":0.2510579504362988,""Tend"":484.68}",PASS,metrics computed from 04_current_runs/runs/RUN_0001_FD_PITCH_IMP_PITCH_04323Z0000_S1/input/qg_r001_center_pitch_e18abe27.out
RUN_0001_FD_SURGE_IMP_SURGE_00128Z0000_S3,IMP_SURGE_00128Z0000_S3,FD_SURGE,curated,false,59.97125,82.763612,27.53911,0.0058039427,0.020242479,0.17557638,0.17557638,1.3597535,0.19963512,,,,,,,,,,0.42545251,0.23789452,0.19963512,"{""Sway"":0.12230746880708158,""Heave"":0.17639776981003696,""Roll"":0.22094089835344258,""Pitch"":0.2121334464848967,""Yaw"":0.2693449740233841}","{""Sway"":0.15896017090110728,""Heave"":0.01968059507325694,""Roll"":0.03291602612100948,""Pitch"":0.10723769417504003,""Yaw"":0.03816688415976064}","{""J_wave"":0.1755763763079523,""J_shape"":1.3597535260486886,""env_err"":0.4254525098689809,""fp_err"":0.19963511847316734,""LERD"":0.003995852928715648,""LERM"":0.003045261432067759,""LER_err"":0.237894515540498,""Tend"":740.9499999999999}",PASS,metrics computed from 04_current_runs/runs/RUN_0001_FD_SURGE_IMP_SURGE_00128Z0000_S3/input/qg_r001_center_surge_9d3daf69.out
RUN_0003_FD_SURGE_IMP_SURGE_MEA0787_112112,IMP_SURGE_MEA0787_112112,FD_SURGE,curated,false,89.45,82.763612,8.0788977,0.0093186962,0.020242479,0.18404614,0.18404614,1.2995629,0.11771866,,,,,,,,,,0.35177077,0.087237264,0.11771866,"{""Sway"":0.10664945653018834,""Heave"":0.154266222835843,""Roll"":0.2088642087896793,""Pitch"":0.1563450220089661,""Yaw"":0.23687487904330368}","{""Sway"":0.15896017090110728,""Heave"":0.01968059507325694,""Roll"":0.03291602612100948,""Pitch"":0.10723769417504003,""Yaw"":0.03816688415976064}","{""J_wave"":0.18404613797569133,""J_shape"":1.2995628991438228,""env_err"":0.3517707653766924,""fp_err"":0.11771865531670098,""LERD"":0.003995852928715648,""LERM"":0.003647265652376956,""LER_err"":0.08723726387265593,""Tend"":740.9499999999999}",PASS,metrics computed from 04_current_runs/runs/RUN_0003_FD_SURGE_IMP_SURGE_MEA0787_112112/input/qg_r001_center_surge_9d3daf69.out
RUN_0001_FD_SURGE_IMP_SURGE_MEA0865_113536,IMP_SURGE_MEA0865_113536,FD_SURGE,curated,false,78.277381,82.763612,5.4205361,0.0079432613,0.020242479,0.18754931,0.18754931,1.4482336,0.11023294,,,,,,,,,,0.35858488,0.31210314,0.11023294,"{""Sway"":0.0843915434894524,""Heave"":0.1533465499245437,""Roll"":0.2040455926442688,""Pitch"":0.17659700382349144,""Yaw"":0.23929888717776165}","{""Sway"":0.15896017090110728,""Heave"":0.01968059507325694,""Roll"":0.03291602612100948,""Pitch"":0.10723769417504003,""Yaw"":0.03816688415976064}","{""J_wave"":0.18754930823658164,""J_shape"":1.4482335580312786,""env_err"":0.35858487831201585,""fp_err"":0.11023293829349352,""LERD"":0.003995852928715648,""LERM"":0.005242971194514136,""LER_err"":0.31210314494716346,""Tend"":740.9499999999999}",PASS,metrics computed from 04_current_runs/runs/RUN_0001_FD_SURGE_IMP_SURGE_MEA0865_113536/input/qg_r001_center_surge_9d3daf69.out
RUN_0001_FD_SURGE_IMP_SURGE_MEA0834_114855,IMP_SURGE_MEA0834_114855,FD_SURGE,curated,false,84.42795,82.763612,2.0109537,0.013002845,0.020242479,0.18921015,0.18921015,1.5301796,0.096308528,,,,,,,,,,0.31014551,4.4769134,0.096308528,"{""Sway"":0.1138369012690234,""Heave"":0.1475818391331564,""Roll"":0.19983140081269177,""Pitch"":0.15832136115365786,""Yaw"":0.26434887557457726}","{""Sway"":0.15896017090110728,""Heave"":0.01968059507325694,""Roll"":0.03291602612100948,""Pitch"":0.10723769417504003,""Yaw"":0.03816688415976064}","{""J_wave"":0.1892101520447676,""J_shape"":1.5301795765424187,""env_err"":0.3101455077122938,""fp_err"":0.09630852803021599,""LERD"":0.003995852928715648,""LERM"":0.021884940481298736,""LER_err"":4.476913407904886,""Tend"":740.9499999999999}",PASS,metrics computed from 04_current_runs/runs/RUN_0001_FD_SURGE_IMP_SURGE_MEA0834_114855/input/qg_r001_center_surge_9d3daf69.out
RUN_0001_FD_SURGE_RBQ90_PBL255_IMPORTED_PACKAGE_PERIOD_TUNED_20225Z0000,RBQ90_PBL255_IMPORTED_PACKAGE_PERIOD_TUNED_20225Z0000,FD_SURGE,curated,false,84.42795,82.763612,2.0109537,0.013002845,0.020242479,0.18921015,0.18921015,1.5301796,0.096308528,,,,,,,,,,0.31014551,4.4769134,0.096308528,"{""Sway"":0.1138369012690234,""Heave"":0.1475818391331564,""Roll"":0.19983140081269177,""Pitch"":0.15832136115365786,""Yaw"":0.26434887557457726}","{""Sway"":0.15896017090110728,""Heave"":0.01968059507325694,""Roll"":0.03291602612100948,""Pitch"":0.10723769417504003,""Yaw"":0.03816688415976064}","{""J_wave"":0.1892101520447676,""J_shape"":1.5301795765424187,""env_err"":0.3101455077122938,""fp_err"":0.09630852803021599,""LERD"":0.003995852928715648,""LERM"":0.021884940481298736,""LER_err"":4.476913407904886,""Tend"":740.9499999999999}",PASS,metrics computed from 04_current_runs/runs/RUN_0001_FD_SURGE_RBQ90_PBL255_IMPORTED_PACKAGE_PERIOD_TUNED_20225Z0000/input/qg_r001_center_surge_9d3daf69.out
RUN_0001_FD_SWAY_RBQ90_PBL255_IMPORTED_PACKAGE_PERIOD_TUNED_20225Z0000,RBQ90_PBL255_IMPORTED_PACKAGE_PERIOD_TUNED_20225Z0000,FD_SWAY,curated,false,79.6975,79.430459,0.33619512,0.014835088,0.023182848,0.18680809,0.18680809,1.6111874,0.10040307,,,,,,,,,,0.36455892,0.43219327,0.10040307,"{""Surge"":0.24253690890641216,""Heave"":0.2180346334450015,""Roll"":0.22683506273478127,""Pitch"":0.1507262440704654,""Yaw"":0.39752680476834956}","{""Surge"":0.09911156186697814,""Heave"":0.018040555839837675,""Roll"":0.11940848210435888,""Pitch"":0.0384504331662194,""Yaw"":0.1166189583607766}","{""J_wave"":0.18680809321955733,""J_shape"":1.6111873580216733,""env_err"":0.3645589234601821,""fp_err"":0.10040307107122881,""LERD"":0.008732298675839493,""LERM"":0.012506339373558942,""LER_err"":0.432193267525475,""Tend"":899.8}",PASS,metrics computed from 04_current_runs/runs/RUN_0001_FD_SWAY_RBQ90_PBL255_IMPORTED_PACKAGE_PERIOD_TUNED_20225Z0000/input/qg_r001_center_sway_ac064de6.out
RUN_0001_FD_HEAVE_RBQ90_PBL255_IMPORTED_PACKAGE_PERIOD_TUNED_20225Z0000,RBQ90_PBL255_IMPORTED_PACKAGE_PERIOD_TUNED_20225Z0000,FD_HEAVE,curated,false,20.85,20.719426,0.63020258,0.0016759794,0.0063011469,0.11535044,0.11535044,1.8830068,0.35021752,,,,,,,,,,0.46788348,1.7385127,0.35021752,"{""Surge"":1.3630696626267842,""Sway"":0.38463057346429425,""Roll"":1.3648028905773841,""Pitch"":0.841755975655292,""Yaw"":0.8130374132757964}","{""Surge"":0.694133163574395,""Sway"":0.3830351608671329,""Roll"":0.23088104002761986,""Pitch"":0.08142292151490593,""Yaw"":0.09687871817782223}","{""J_wave"":0.11535043787582423,""J_shape"":1.8830068168652994,""env_err"":0.46788347993555895,""fp_err"":0.3502175173814466,""LERD"":0.002003839225521178,""LERM"":0.0054875392333978605,""LER_err"":1.7385127327121805,""Tend"":481.07000000000005}",PASS,metrics computed from 04_current_runs/runs/RUN_0001_FD_HEAVE_RBQ90_PBL255_IMPORTED_PACKAGE_PERIOD_TUNED_20225Z0000/input/qg_r001_center_heave_adcda246.out
RUN_0001_FD_ROLL_RBQ90_PBL255_IMPORTED_PACKAGE_PERIOD_TUNED_20225Z0000,RBQ90_PBL255_IMPORTED_PACKAGE_PERIOD_TUNED_20225Z0000,FD_ROLL,curated,false,31.635965,31.040392,1.9187014,0.011375854,0.02049542,0.03904948,0.03904948,1.0350109,0.23737479,,,,,,,,,,0.19039196,1.3015898,0.23737479,"{""Surge"":0.28982106395987406,""Sway"":0.4865682556120836,""Heave"":0.24709133147040696,""Pitch"":0.1552011263099447,""Yaw"":0.21822524725097425}","{""Surge"":0.13004178340036146,""Sway"":0.2811231135878405,""Heave"":0.032594922860306255,""Pitch"":0.24847735333665472,""Yaw"":0.10705157585119539}","{""J_wave"":0.03904947970872835,""J_shape"":1.0350109388523352,""env_err"":0.19039195571492942,""fp_err"":0.2373747947129255,""LERD"":0.0014126079797959585,""LERM"":0.0032512440929364293,""LER_err"":1.3015897824717435,""Tend"":773.8700000000001}",PASS,metrics computed from 04_current_runs/runs/RUN_0001_FD_ROLL_RBQ90_PBL255_IMPORTED_PACKAGE_PERIOD_TUNED_20225Z0000/input/qg_r001_center_roll_38d48f80.out
RUN_0001_FD_PITCH_RBQ90_PBL255_IMPORTED_PACKAGE_PERIOD_TUNED_20225Z0000,RBQ90_PBL255_IMPORTED_PACKAGE_PERIOD_TUNED_20225Z0000,FD_PITCH,curated,false,30.64802,30.598882,0.16058556,0.015188978,0.025569995,0.22777381,0.22777381,2.0017654,0.020152113,,,,,,,,,,0.16538472,0.25105795,0.020152113,"{""Surge"":0.46775575138692366,""Sway"":0.2093178574881137,""Heave"":0.3265673174445931,""Roll"":0.45898883495409637,""Yaw"":0.40314073679113793}","{""Surge"":0.3652553627158409,""Sway"":0.11511580438120428,""Heave"":0.09709203619753709,""Roll"":0.24451383619627762,""Yaw"":0.12733165013806358}","{""J_wave"":0.22777380636931308,""J_shape"":2.0017653667465667,""env_err"":0.16538471858488032,""fp_err"":0.020152113097916268,""LERD"":0.013125939777430977,""LERM"":0.016421311315503086,""LER_err"":0.2510579504362988,""Tend"":484.68}",PASS,metrics computed from 04_current_runs/runs/RUN_0001_FD_PITCH_RBQ90_PBL255_IMPORTED_PACKAGE_PERIOD_TUNED_20225Z0000/input/qg_r001_center_pitch_e18abe27.out
RUN_0001_FD_YAW_RBQ90_PBL255_IMPORTED_PACKAGE_PERIOD_TUNED_20225Z0000,RBQ90_PBL255_IMPORTED_PACKAGE_PERIOD_TUNED_20225Z0000,FD_YAW,curated,false,51.584377,50.687273,1.7698804,0.014419733,0.024700713,0.19062326,0.19062326,1.9622106,0.11083667,,,,,,,,,,0.22971802,1.6170478,0.11083667,"{""Surge"":0.44959856933767023,""Sway"":0.273795316230218,""Heave"":0.19339325691750453,""Roll"":0.24577407989259015,""Pitch"":0.19679297885705857}","{""Surge"":0.1667131756781034,""Sway"":0.06151291011602063,""Heave"":0.00833951391833249,""Roll"":0.08748756161027149,""Pitch"":0.06650130575791667}","{""J_wave"":0.19062325880341568,""J_shape"":1.962210581448738,""env_err"":0.2297180211894801,""fp_err"":0.11083667491549014,""LERD"":0.010254479339074602,""LERM"":0.026836462100685667,""LER_err"":1.6170477518468995,""Tend"":628.0}",PASS,metrics computed from 04_current_runs/runs/RUN_0001_FD_YAW_RBQ90_PBL255_IMPORTED_PACKAGE_PERIOD_TUNED_20225Z0000/input/qg_r001_center_yaw_fe6ed2b1.out
RUN_0002_FD_SURGE_RBQ90_PBL255_IMPORTED_PACKAGE_PERIOD_TUNED_20225Z0000,RBQ90_PBL255_IMPORTED_PACKAGE_PERIOD_TUNED_20225Z0000,FD_SURGE,curated,false,84.42795,82.763612,2.0109537,0.013002845,0.020242479,0.18921015,0.18921015,1.5301796,0.096308528,,,,,,,,,,0.31014551,4.4769134,0.096308528,"{""Sway"":0.1138369012690234,""Heave"":0.1475818391331564,""Roll"":0.19983140081269177,""Pitch"":0.15832136115365786,""Yaw"":0.26434887557457726}","{""Sway"":0.15896017090110728,""Heave"":0.01968059507325694,""Roll"":0.03291602612100948,""Pitch"":0.10723769417504003,""Yaw"":0.03816688415976064}","{""J_wave"":0.1892101520447676,""J_shape"":1.5301795765424187,""env_err"":0.3101455077122938,""fp_err"":0.09630852803021599,""LERD"":0.003995852928715648,""LERM"":0.021884940481298736,""LER_err"":4.476913407904886,""Tend"":740.9499999999999}",PASS,metrics computed from 04_current_runs/runs/RUN_0002_FD_SURGE_RBQ90_PBL255_IMPORTED_PACKAGE_PERIOD_TUNED_20225Z0000/input/qg_r001_center_surge_9d3daf69.out
RUN_0001_FD_SURGE_BQIC_SURGE_0611135333_F100,BQIC_SURGE_0611135333_F100,FD_SURGE,curated,false,89.769704,82.763612,8.4651839,0.0062802682,0.020242479,0.079478437,0.079478437,1.5008384,0.26013097,,,,,,,,,,0.33056973,0.3864387,0.26013097,"{""Sway"":0.11504746995257989,""Heave"":0.10450040566901878,""Roll"":0.12748796412959473,""Pitch"":0.07135035587990686,""Yaw"":0.10546267066116854}","{""Sway"":0.15896017090110728,""Heave"":0.01968059507325694,""Roll"":0.03291602612100948,""Pitch"":0.10723769417504003,""Yaw"":0.03816688415976064}","{""J_wave"":0.079478437463231,""J_shape"":1.5008383584360312,""env_err"":0.3305697259709207,""fp_err"":0.2601309676102921,""LERD"":0.003995852928715648,""LERM"":0.005540005153779921,""LER_err"":0.38643870347865783,""Tend"":740.9499999999999}",PASS,metrics computed from 04_current_runs/runs/RUN_0001_FD_SURGE_BQIC_SURGE_0611135333_F100/input/qg_r001_center_surge_9d3daf69.out
RUN_0001_FD_SURGE_BQIC_SURGE_0611135333_F150,BQIC_SURGE_0611135333_F150,FD_SURGE,curated,false,89.45,82.763612,8.0788977,0.0053632909,0.020242479,0.086368398,0.086368398,1.5226816,0.28018305,,,,,,,,,,0.31016407,0.039256498,0.28018305,"{""Sway"":0.08409686449885315,""Heave"":0.10958962062955518,""Roll"":0.1349828958789816,""Pitch"":0.05095417256149052,""Yaw"":0.15516251374003484}","{""Sway"":0.15896017090110728,""Heave"":0.01968059507325694,""Roll"":0.03291602612100948,""Pitch"":0.10723769417504003,""Yaw"":0.03816688415976064}","{""J_wave"":0.0863683975295846,""J_shape"":1.5226816432387977,""env_err"":0.3101640676363537,""fp_err"":0.28018304559969703,""LERD"":0.003995852928715648,""LERM"":0.0041527161220106905,""LER_err"":0.03925649819786075,""Tend"":740.9499999999999}",PASS,metrics computed from 04_current_runs/runs/RUN_0001_FD_SURGE_BQIC_SURGE_0611135333_F150/input/qg_r001_center_surge_9d3daf69.out
RUN_0001_FD_SURGE_BQIC_SURGE_0611142500_F100,BQIC_SURGE_0611142500_F100,FD_SURGE,curated,false,81.766667,82.763612,1.2045701,0.014528889,0.020242479,0.052759261,0.052759261,1.0788324,0.34291715,,,,,,,,,,0.39712388,1.6135749,0.34291715,"{""Sway"":0.22337000374412883,""Heave"":0.1867704115054067,""Roll"":0.23659390988198792,""Pitch"":0.08446408297570886,""Yaw"":0.17531757423306996}","{""Sway"":0.15896017090110728,""Heave"":0.01968059507325694,""Roll"":0.03291602612100948,""Pitch"":0.10723769417504003,""Yaw"":0.03816688415976064}","{""J_wave"":0.05275926107646645,""J_shape"":1.078832444678308,""env_err"":0.39712388477788885,""fp_err"":0.34291715497915826,""LERD"":0.003995852928715648,""LERM"":0.01044346088659888,""LER_err"":1.6135748919957444,""Tend"":740.9499999999999}",PASS,metrics computed from 04_current_runs/runs/RUN_0001_FD_SURGE_BQIC_SURGE_0611142500_F100/input/qg_r001_center_surge_9d3daf69.out
RUN_0001_FD_SURGE_RBQ90_PBL255_IMPORTED_PACKAGE_PERIOD_TUNED_20225Z0000_BQIC_0611143733,RBQ90_PBL255_IMPORTED_PACKAGE_PERIOD_TUNED_20225Z0000_BQIC_0611143733,FD_SURGE,curated,false,81.766667,82.763612,1.2045701,0.014528889,0.020242479,0.052759261,0.052759261,1.0788324,0.34291715,,,,,,,,,,0.39712388,1.6135749,0.34291715,"{""Sway"":0.22337000374412883,""Heave"":0.1867704115054067,""Roll"":0.23659390988198792,""Pitch"":0.08446408297570886,""Yaw"":0.17531757423306996}","{""Sway"":0.15896017090110728,""Heave"":0.01968059507325694,""Roll"":0.03291602612100948,""Pitch"":0.10723769417504003,""Yaw"":0.03816688415976064}","{""J_wave"":0.05275926107646645,""J_shape"":1.078832444678308,""env_err"":0.39712388477788885,""fp_err"":0.34291715497915826,""LERD"":0.003995852928715648,""LERM"":0.01044346088659888,""LER_err"":1.6135748919957444,""Tend"":740.9499999999999}",PASS,metrics computed from 04_current_runs/runs/RUN_0001_FD_SURGE_RBQ90_PBL255_IMPORTED_PACKAGE_PERIOD_TUNED_20225Z0000_BQIC_0611143733/input/qg_r001_center_surge_9d3daf69.out
RUN_0001_FD_SWAY_RBQ90_PBL255_IMPORTED_PACKAGE_PERIOD_TUNED_20225Z0000_BQIC_0611143733,RBQ90_PBL255_IMPORTED_PACKAGE_PERIOD_TUNED_20225Z0000_BQIC_0611143733,FD_SWAY,curated,false,80.943434,79.430459,1.9047802,0.018136012,0.023182848,0.047958776,0.047958776,0.95272987,0.16746894,,,,,,,,,,0.36327972,1.3027659,0.16746894,"{""Surge"":0.2597278220208573,""Heave"":0.22883247929732758,""Roll"":0.3698357985552092,""Pitch"":0.15716184614615536,""Yaw"":0.48617219888682583}","{""Surge"":0.09911156186697814,""Heave"":0.018040555839837675,""Roll"":0.11940848210435888,""Pitch"":0.0384504331662194,""Yaw"":0.1166189583607766}","{""J_wave"":0.04795877634928898,""J_shape"":0.9527298651519426,""env_err"":0.36327972406014003,""fp_err"":0.1674689408243324,""LERD"":0.008732298675839493,""LERM"":0.02010843961776039,""LER_err"":1.3027658998192975,""Tend"":899.8}",PASS,metrics computed from 04_current_runs/runs/RUN_0001_FD_SWAY_RBQ90_PBL255_IMPORTED_PACKAGE_PERIOD_TUNED_20225Z0000_BQIC_0611143733/input/qg_r001_center_sway_ac064de6.out
RUN_0001_FD_HEAVE_RBQ90_PBL255_IMPORTED_PACKAGE_PERIOD_TUNED_20225Z0000_BQIC_0611143733,RBQ90_PBL255_IMPORTED_PACKAGE_PERIOD_TUNED_20225Z0000_BQIC_0611143733,FD_HEAVE,curated,false,20.833895,20.719426,0.55247232,0.0014107438,0.0063011469,0.052087734,0.052087734,0.31810532,0.92110741,,,,,,,,,,0.65835583,0.47266142,0.92110741,"{""Surge"":0.25729690595075316,""Sway"":0.4392365837473438,""Roll"":0.5519664623891403,""Pitch"":0.33989545351987854,""Yaw"":0.2557620533386152}","{""Surge"":0.694133163574395,""Sway"":0.3830351608671329,""Roll"":0.23088104002761986,""Pitch"":0.08142292151490593,""Yaw"":0.09687871817782223}","{""J_wave"":0.05208773393143189,""J_shape"":0.3181053203791858,""env_err"":0.6583558271525247,""fp_err"":0.9211074065835458,""LERD"":0.0029834655567953176,""LERM"":0.0015732964968976334,""LER_err"":0.4726614177548656,""Tend"":399.8}",PASS,metrics computed from 04_current_runs/runs/RUN_0001_FD_HEAVE_RBQ90_PBL255_IMPORTED_PACKAGE_PERIOD_TUNED_20225Z0000_BQIC_0611143733/input/qg_r001_center_heave_adcda246.out
RUN_0001_FD_ROLL_RBQ90_PBL255_IMPORTED_PACKAGE_PERIOD_TUNED_20225Z0000_BQIC_0611143733,RBQ90_PBL255_IMPORTED_PACKAGE_PERIOD_TUNED_20225Z0000_BQIC_0611143733,FD_ROLL,curated,false,31.661805,31.040392,2.0019472,0.025729381,0.02049542,0.046207049,0.046207049,0.96576847,0.24202453,,,,,,,,,,0.21021256,0.011243908,0.24202453,"{""Surge"":0.28216110977035175,""Sway"":0.440265117704339,""Heave"":0.24679785919081573,""Pitch"":0.14651620041689012,""Yaw"":0.2069480994211604}","{""Surge"":0.13004178340036146,""Sway"":0.2811231135878405,""Heave"":0.032594922860306255,""Pitch"":0.24847735333665472,""Yaw"":0.10705157585119539}","{""J_wave"":0.046207048568192306,""J_shape"":0.965768470235973,""env_err"":0.2102125610530241,""fp_err"":0.2420245303005869,""LERD"":0.006503664007973453,""LERM"":0.006576790604705399,""LER_err"":0.011243907533091166,""Tend"":519.8}",PASS,metrics computed from 04_current_runs/runs/RUN_0001_FD_ROLL_RBQ90_PBL255_IMPORTED_PACKAGE_PERIOD_TUNED_20225Z0000_BQIC_0611143733/input/qg_r001_center_roll_38d48f80.out
RUN_0001_FD_PITCH_RBQ90_PBL255_IMPORTED_PACKAGE_PERIOD_TUNED_20225Z0000_BQIC_0611143733,RBQ90_PBL255_IMPORTED_PACKAGE_PERIOD_TUNED_20225Z0000_BQIC_0611143733,FD_PITCH,curated,false,30.507999,30.598882,0.29701453,0.020856658,0.025569995,0.014713236,0.014713236,0.20796211,0.15387015,,,,,,,,,,0.1346887,0.5981415,0.15387015,"{""Surge"":0.356209322362823,""Sway"":0.14941950599850495,""Heave"":0.2865059624941527,""Roll"":0.3404670086450939,""Yaw"":0.2909548621409635}","{""Surge"":0.3652553627158409,""Sway"":0.11511580438120428,""Heave"":0.09709203619753709,""Roll"":0.24451383619627762,""Yaw"":0.12733165013806358}","{""J_wave"":0.014713235948848635,""J_shape"":0.2079621100897117,""env_err"":0.13468870392701693,""fp_err"":0.153870153609555,""LERD"":0.013125939777430977,""LERM"":0.020977109108013196,""LER_err"":0.5981415017674916,""Tend"":484.68}",PASS,metrics computed from 04_current_runs/runs/RUN_0001_FD_PITCH_RBQ90_PBL255_IMPORTED_PACKAGE_PERIOD_TUNED_20225Z0000_BQIC_0611143733/input/qg_r001_center_pitch_e18abe27.out
RUN_0001_FD_YAW_RBQ90_PBL255_IMPORTED_PACKAGE_PERIOD_TUNED_20225Z0000_BQIC_0611143733,RBQ90_PBL255_IMPORTED_PACKAGE_PERIOD_TUNED_20225Z0000_BQIC_0611143733,FD_YAW,curated,false,50.904934,50.687273,0.42941951,0.01844648,0.024700713,0.031799712,0.031799712,0.71838123,0.1794355,,,,,,,,,,0.26210195,3.4704654,0.1794355,"{""Surge"":0.36457927067779755,""Sway"":0.22856979080721512,""Heave"":0.19476543063081772,""Roll"":0.25053093428584666,""Pitch"":0.09158401589021747}","{""Surge"":0.1667131756781034,""Sway"":0.06151291011602063,""Heave"":0.00833951391833249,""Roll"":0.08748756161027149,""Pitch"":0.06650130575791667}","{""J_wave"":0.0317997122706152,""J_shape"":0.718381233362536,""env_err"":0.2621019543322433,""fp_err"":0.1794355032106111,""LERD"":0.010254479339074602,""LERM"":0.04584229476014321,""LER_err"":3.4704653687741662,""Tend"":628.0}",PASS,metrics computed from 04_current_runs/runs/RUN_0001_FD_YAW_RBQ90_PBL255_IMPORTED_PACKAGE_PERIOD_TUNED_20225Z0000_BQIC_0611143733/input/qg_r001_center_yaw_fe6ed2b1.out
RUN_0002_FD_PITCH_RBQ90_PBL255_IMPORTED_PACKAGE_PERIOD_TUNED_20225Z0000_BQIC_0611143733,RBQ90_PBL255_IMPORTED_PACKAGE_PERIOD_TUNED_20225Z0000_BQIC_0611143733,FD_PITCH,curated,false,30.507999,30.598882,0.29701453,0.020856658,0.025569995,0.014713236,0.014713236,0.20796211,0.15387015,,,,,,,,,,0.1346887,0.5981415,0.15387015,"{""Surge"":0.356209322362823,""Sway"":0.14941950599850495,""Heave"":0.2865059624941527,""Roll"":0.3404670086450939,""Yaw"":0.2909548621409635}","{""Surge"":0.3652553627158409,""Sway"":0.11511580438120428,""Heave"":0.09709203619753709,""Roll"":0.24451383619627762,""Yaw"":0.12733165013806358}","{""J_wave"":0.014713235948848635,""J_shape"":0.2079621100897117,""env_err"":0.13468870392701693,""fp_err"":0.153870153609555,""LERD"":0.013125939777430977,""LERM"":0.020977109108013196,""LER_err"":0.5981415017674916,""Tend"":484.68}",PASS,metrics computed from 04_current_runs/runs/RUN_0002_FD_PITCH_RBQ90_PBL255_IMPORTED_PACKAGE_PERIOD_TUNED_20225Z0000_BQIC_0611143733/input/qg_r001_center_pitch_e18abe27.out
RUN_0001_FD_SURGE_BQIC_SURGE_0611154707_F100_I110,BQIC_SURGE_0611154707_F100_I110,FD_SURGE,curated,false,87.475,82.763612,5.6925833,0.016119965,0.020242479,0.053463913,0.053463913,1.1615636,0.24644043,,,,,,,,,,0.37359915,4.2676523,0.24644043,"{""Sway"":0.13789549377972438,""Heave"":0.17269748778093444,""Roll"":0.22590142735718766,""Pitch"":0.06371098404152357,""Yaw"":0.19247396843587616}","{""Sway"":0.15896017090110728,""Heave"":0.01968059507325694,""Roll"":0.03291602612100948,""Pitch"":0.10723769417504003,""Yaw"":0.03816688415976064}","{""J_wave"":0.053463912928927625,""J_shape"":1.1615636242621283,""env_err"":0.37359915298935314,""fp_err"":0.24644042927170343,""LERD"":0.003995852928715648,""LERM"":0.021048763988494514,""LER_err"":4.267652329551587,""Tend"":740.9499999999999}",PASS,metrics computed from 04_current_runs/runs/RUN_0001_FD_SURGE_BQIC_SURGE_0611154707_F100_I110/input/qg_r001_center_surge_9d3daf69.out
RUN_0001_FD_SURGE_BQIC_SURGE_0611155919_F100_I102,BQIC_SURGE_0611155919_F100_I102,FD_SURGE,curated,false,82.225,82.763612,0.65078407,0.010871949,0.020242479,0.050632098,0.050632098,0.95288635,0.30223682,,,,,,,,,,0.41243468,0.12985051,0.30223682,"{""Sway"":0.22588017452773052,""Heave"":0.18582662348282744,""Roll"":0.23963936997632412,""Pitch"":0.0944401418286636,""Yaw"":0.20640734371199632}","{""Sway"":0.15896017090110728,""Heave"":0.01968059507325694,""Roll"":0.03291602612100948,""Pitch"":0.10723769417504003,""Yaw"":0.03816688415976064}","{""J_wave"":0.05063209750784892,""J_shape"":0.9528863462184654,""env_err"":0.4124346762157335,""fp_err"":0.3022368159690829,""LERD"":0.003995852928715648,""LERM"":0.003476989376440771,""LER_err"":0.12985051290204785,""Tend"":740.9499999999999}",PASS,metrics computed from 04_current_runs/runs/RUN_0001_FD_SURGE_BQIC_SURGE_0611155919_F100_I102/input/qg_r001_center_surge_9d3daf69.out
RUN_0001_FD_SURGE_RBQ90_PBL255_IMPORTED_PACKAGE_PERIOD_TUNED_20225Z0000_BQIC_0611143733_BQIC_0611161228,RBQ90_PBL255_IMPORTED_PACKAGE_PERIOD_TUNED_20225Z0000_BQIC_0611143733_BQIC_0611161228,FD_SURGE,curated,false,82.225,82.763612,0.65078407,0.010871949,0.020242479,0.050632098,0.050632098,0.95288635,0.30223682,,,,,,,,,,0.41243468,0.12985051,0.30223682,"{""Sway"":0.22588017452773052,""Heave"":0.18582662348282744,""Roll"":0.23963936997632412,""Pitch"":0.0944401418286636,""Yaw"":0.20640734371199632}","{""Sway"":0.15896017090110728,""Heave"":0.01968059507325694,""Roll"":0.03291602612100948,""Pitch"":0.10723769417504003,""Yaw"":0.03816688415976064}","{""J_wave"":0.05063209750784892,""J_shape"":0.9528863462184654,""env_err"":0.4124346762157335,""fp_err"":0.3022368159690829,""LERD"":0.003995852928715648,""LERM"":0.003476989376440771,""LER_err"":0.12985051290204785,""Tend"":740.9499999999999}",PASS,metrics computed from 04_current_runs/runs/RUN_0001_FD_SURGE_RBQ90_PBL255_IMPORTED_PACKAGE_PERIOD_TUNED_20225Z0000_BQIC_0611143733_BQIC_0611161228/input/qg_r001_center_surge_9d3daf69.out
RUN_0001_FD_SWAY_RBQ90_PBL255_IMPORTED_PACKAGE_PERIOD_TUNED_20225Z0000_BQIC_0611143733_BQIC_0611161228,RBQ90_PBL255_IMPORTED_PACKAGE_PERIOD_TUNED_20225Z0000_BQIC_0611143733_BQIC_0611161228,FD_SWAY,curated,false,80.943434,79.430459,1.9047802,0.018136012,0.023182848,0.047958776,0.047958776,0.95272987,0.16746894,,,,,,,,,,0.36327972,1.3027659,0.16746894,"{""Surge"":0.2597278220208573,""Heave"":0.22883247929732758,""Roll"":0.3698357985552092,""Pitch"":0.15716184614615536,""Yaw"":0.48617219888682583}","{""Surge"":0.09911156186697814,""Heave"":0.018040555839837675,""Roll"":0.11940848210435888,""Pitch"":0.0384504331662194,""Yaw"":0.1166189583607766}","{""J_wave"":0.04795877634928898,""J_shape"":0.9527298651519426,""env_err"":0.36327972406014003,""fp_err"":0.1674689408243324,""LERD"":0.008732298675839493,""LERM"":0.02010843961776039,""LER_err"":1.3027658998192975,""Tend"":899.8}",PASS,metrics computed from 04_current_runs/runs/RUN_0001_FD_SWAY_RBQ90_PBL255_IMPORTED_PACKAGE_PERIOD_TUNED_20225Z0000_BQIC_0611143733_BQIC_0611161228/input/qg_r001_center_sway_ac064de6.out
RUN_0001_FD_HEAVE_RBQ90_PBL255_IMPORTED_PACKAGE_PERIOD_TUNED_20225Z0000_BQIC_0611143733_BQIC_0611161228,RBQ90_PBL255_IMPORTED_PACKAGE_PERIOD_TUNED_20225Z0000_BQIC_0611143733_BQIC_0611161228,FD_HEAVE,curated,false,20.833895,20.719426,0.55247232,0.0014107438,0.0063011469,0.052087734,0.052087734,0.31810532,0.92110741,,,,,,,,,,0.65835583,0.47266142,0.92110741,"{""Surge"":0.25729690595075316,""Sway"":0.4392365837473438,""Roll"":0.5519664623891403,""Pitch"":0.33989545351987854,""Yaw"":0.2557620533386152}","{""Surge"":0.694133163574395,""Sway"":0.3830351608671329,""Roll"":0.23088104002761986,""Pitch"":0.08142292151490593,""Yaw"":0.09687871817782223}","{""J_wave"":0.05208773393143189,""J_shape"":0.3181053203791858,""env_err"":0.6583558271525247,""fp_err"":0.9211074065835458,""LERD"":0.0029834655567953176,""LERM"":0.0015732964968976334,""LER_err"":0.4726614177548656,""Tend"":399.8}",PASS,metrics computed from 04_current_runs/runs/RUN_0001_FD_HEAVE_RBQ90_PBL255_IMPORTED_PACKAGE_PERIOD_TUNED_20225Z0000_BQIC_0611143733_BQIC_0611161228/input/qg_r001_center_heave_adcda246.out
RUN_0001_FD_ROLL_RBQ90_PBL255_IMPORTED_PACKAGE_PERIOD_TUNED_20225Z0000_BQIC_0611143733_BQIC_0611161228,RBQ90_PBL255_IMPORTED_PACKAGE_PERIOD_TUNED_20225Z0000_BQIC_0611143733_BQIC_0611161228,FD_ROLL,curated,false,31.661805,31.040392,2.0019472,0.025729381,0.02049542,0.046207049,0.046207049,0.96576847,0.24202453,,,,,,,,,,0.21021256,0.011243908,0.24202453,"{""Surge"":0.28216110977035175,""Sway"":0.440265117704339,""Heave"":0.24679785919081573,""Pitch"":0.14651620041689012,""Yaw"":0.2069480994211604}","{""Surge"":0.13004178340036146,""Sway"":0.2811231135878405,""Heave"":0.032594922860306255,""Pitch"":0.24847735333665472,""Yaw"":0.10705157585119539}","{""J_wave"":0.046207048568192306,""J_shape"":0.965768470235973,""env_err"":0.2102125610530241,""fp_err"":0.2420245303005869,""LERD"":0.006503664007973453,""LERM"":0.006576790604705399,""LER_err"":0.011243907533091166,""Tend"":519.8}",PASS,metrics computed from 04_current_runs/runs/RUN_0001_FD_ROLL_RBQ90_PBL255_IMPORTED_PACKAGE_PERIOD_TUNED_20225Z0000_BQIC_0611143733_BQIC_0611161228/input/qg_r001_center_roll_38d48f80.out
RUN_0001_FD_PITCH_RBQ90_PBL255_IMPORTED_PACKAGE_PERIOD_TUNED_20225Z0000_BQIC_0611143733_BQIC_0611161228,RBQ90_PBL255_IMPORTED_PACKAGE_PERIOD_TUNED_20225Z0000_BQIC_0611143733_BQIC_0611161228,FD_PITCH,curated,false,30.507999,30.598882,0.29701453,0.020856658,0.025569995,0.014713236,0.014713236,0.20796211,0.15387015,,,,,,,,,,0.1346887,0.5981415,0.15387015,"{""Surge"":0.356209322362823,""Sway"":0.14941950599850495,""Heave"":0.2865059624941527,""Roll"":0.3404670086450939,""Yaw"":0.2909548621409635}","{""Surge"":0.3652553627158409,""Sway"":0.11511580438120428,""Heave"":0.09709203619753709,""Roll"":0.24451383619627762,""Yaw"":0.12733165013806358}","{""J_wave"":0.014713235948848635,""J_shape"":0.2079621100897117,""env_err"":0.13468870392701693,""fp_err"":0.153870153609555,""LERD"":0.013125939777430977,""LERM"":0.020977109108013196,""LER_err"":0.5981415017674916,""Tend"":484.68}",PASS,metrics computed from 04_current_runs/runs/RUN_0001_FD_PITCH_RBQ90_PBL255_IMPORTED_PACKAGE_PERIOD_TUNED_20225Z0000_BQIC_0611143733_BQIC_0611161228/input/qg_r001_center_pitch_e18abe27.out
RUN_0001_FD_YAW_RBQ90_PBL255_IMPORTED_PACKAGE_PERIOD_TUNED_20225Z0000_BQIC_0611143733_BQIC_0611161228,RBQ90_PBL255_IMPORTED_PACKAGE_PERIOD_TUNED_20225Z0000_BQIC_0611143733_BQIC_0611161228,FD_YAW,curated,false,50.904934,50.687273,0.42941951,0.01844648,0.024700713,0.031799712,0.031799712,0.71838123,0.1794355,,,,,,,,,,0.26210195,3.4704654,0.1794355,"{""Surge"":0.36457927067779755,""Sway"":0.22856979080721512,""Heave"":0.19476543063081772,""Roll"":0.25053093428584666,""Pitch"":0.09158401589021747}","{""Surge"":0.1667131756781034,""Sway"":0.06151291011602063,""Heave"":0.00833951391833249,""Roll"":0.08748756161027149,""Pitch"":0.06650130575791667}","{""J_wave"":0.0317997122706152,""J_shape"":0.718381233362536,""env_err"":0.2621019543322433,""fp_err"":0.1794355032106111,""LERD"":0.010254479339074602,""LERM"":0.04584229476014321,""LER_err"":3.4704653687741662,""Tend"":628.0}",PASS,metrics computed from 04_current_runs/runs/RUN_0001_FD_YAW_RBQ90_PBL255_IMPORTED_PACKAGE_PERIOD_TUNED_20225Z0000_BQIC_0611143733_BQIC_0611161228/input/qg_r001_center_yaw_fe6ed2b1.out
RUN_0002_FD_SURGE_RBQ90_PBL255_IMPORTED_PACKAGE_PERIOD_TUNED_20225Z0000_BQIC_0611143733_BQIC_0611161228,RBQ90_PBL255_IMPORTED_PACKAGE_PERIOD_TUNED_20225Z0000_BQIC_0611143733_BQIC_0611161228,FD_SURGE,curated,false,82.225,82.763612,0.65078407,0.010871949,0.020242479,0.050632098,0.050632098,0.95288635,0.30223682,,,,,,,,,,0.41243468,0.12985051,0.30223682,"{""Sway"":0.22588017452773052,""Heave"":0.18582662348282744,""Roll"":0.23963936997632412,""Pitch"":0.0944401418286636,""Yaw"":0.20640734371199632}","{""Sway"":0.15896017090110728,""Heave"":0.01968059507325694,""Roll"":0.03291602612100948,""Pitch"":0.10723769417504003,""Yaw"":0.03816688415976064}","{""J_wave"":0.05063209750784892,""J_shape"":0.9528863462184654,""env_err"":0.4124346762157335,""fp_err"":0.3022368159690829,""LERD"":0.003995852928715648,""LERM"":0.003476989376440771,""LER_err"":0.12985051290204785,""Tend"":740.9499999999999}",PASS,metrics computed from 04_current_runs/runs/RUN_0002_FD_SURGE_RBQ90_PBL255_IMPORTED_PACKAGE_PERIOD_TUNED_20225Z0000_BQIC_0611143733_BQIC_0611161228/input/qg_r001_center_surge_9d3daf69.out
RUN_0001_FD_HEAVE_BQIC_HEAVE_0612055426_F100_I080,BQIC_HEAVE_0612055426_F100_I080,FD_HEAVE,curated,false,20.843158,20.719426,0.59717992,0.0014734067,0.0063011469,0.038386582,0.038386582,0.26717303,0.64966695,,,,,,,,,,0.52212697,0.37664651,0.64966695,"{""Surge"":0.21268257358876194,""Sway"":0.3999172842248046,""Roll"":0.6366152285197888,""Pitch"":0.35349520866237716,""Yaw"":0.3206459131701857}","{""Surge"":0.694133163574395,""Sway"":0.3830351608671329,""Roll"":0.23088104002761986,""Pitch"":0.08142292151490593,""Yaw"":0.09687871817782223}","{""J_wave"":0.038386582203688194,""J_shape"":0.2671730344343143,""env_err"":0.5221269749067187,""fp_err"":0.6496669543614962,""LERD"":0.0029834655567953176,""LERM"":0.0018597536551042302,""LER_err"":0.3766465140285111,""Tend"":399.8}",PASS,metrics computed from 04_current_runs/runs/RUN_0001_FD_HEAVE_BQIC_HEAVE_0612055426_F100_I080/input/qg_r001_center_heave_adcda246.out
RUN_0001_FD_HEAVE_BQIC_HEAVE_0612055426_F100_I090,BQIC_HEAVE_0612055426_F100_I090,FD_HEAVE,curated,false,20.864372,20.719426,0.6995697,0.0014051262,0.0063011469,0.045158841,0.045158841,0.31353698,0.78589471,,,,,,,,,,0.58800997,0.41742996,0.78589471,"{""Surge"":0.40511723652287723,""Sway"":0.3963253007323436,""Roll"":0.5986543972660384,""Pitch"":0.34651719239718076,""Yaw"":0.2111115357456506}","{""Surge"":0.694133163574395,""Sway"":0.3830351608671329,""Roll"":0.23088104002761986,""Pitch"":0.08142292151490593,""Yaw"":0.09687871817782223}","{""J_wave"":0.04515884146002505,""J_shape"":0.3135369790568354,""env_err"":0.5880099655058055,""fp_err"":0.7858947141713529,""LERD"":0.0029834655567953176,""LERM"":0.0017380776544233467,""LER_err"":0.4174299581020474,""Tend"":399.8}",PASS,metrics computed from 04_current_runs/runs/RUN_0001_FD_HEAVE_BQIC_HEAVE_0612055426_F100_I090/input/qg_r001_center_heave_adcda246.out
RUN_0001_FD_SURGE_RBQ90_PBL255_IMPORTED_PACKAGE_PERIOD_TUNED_20225Z0000_BQIC_0611143733_BQIC_0611161228_BQIC_0612060642,RBQ90_PBL255_IMPORTED_PACKAGE_PERIOD_TUNED_20225Z0000_BQIC_0611143733_BQIC_0611161228_BQIC_0612060642,FD_SURGE,curated,false,82.225,82.763612,0.65078407,0.010871949,0.020242479,0.050632098,0.050632098,0.95288635,0.30223682,,,,,,,,,,0.41243468,0.12985051,0.30223682,"{""Sway"":0.22588017452773052,""Heave"":0.18582662348282744,""Roll"":0.23963936997632412,""Pitch"":0.0944401418286636,""Yaw"":0.20640734371199632}","{""Sway"":0.15896017090110728,""Heave"":0.01968059507325694,""Roll"":0.03291602612100948,""Pitch"":0.10723769417504003,""Yaw"":0.03816688415976064}","{""J_wave"":0.05063209750784892,""J_shape"":0.9528863462184654,""env_err"":0.4124346762157335,""fp_err"":0.3022368159690829,""LERD"":0.003995852928715648,""LERM"":0.003476989376440771,""LER_err"":0.12985051290204785,""Tend"":740.9499999999999}",PASS,metrics computed from 04_current_runs/runs/RUN_0001_FD_SURGE_RBQ90_PBL255_IMPORTED_PACKAGE_PERIOD_TUNED_20225Z0000_BQIC_0611143733_BQIC_0611161228_BQIC_0612060642/input/qg_r001_center_surge_9d3daf69.out
RUN_0001_FD_SWAY_RBQ90_PBL255_IMPORTED_PACKAGE_PERIOD_TUNED_20225Z0000_BQIC_0611143733_BQIC_0611161228_BQIC_0612060642,RBQ90_PBL255_IMPORTED_PACKAGE_PERIOD_TUNED_20225Z0000_BQIC_0611143733_BQIC_0611161228_BQIC_0612060642,FD_SWAY,curated,false,80.943434,79.430459,1.9047802,0.018136012,0.023182848,0.047958776,0.047958776,0.95272987,0.16746894,,,,,,,,,,0.36327972,1.3027659,0.16746894,"{""Surge"":0.2597278220208573,""Heave"":0.22883247929732758,""Roll"":0.3698357985552092,""Pitch"":0.15716184614615536,""Yaw"":0.48617219888682583}","{""Surge"":0.09911156186697814,""Heave"":0.018040555839837675,""Roll"":0.11940848210435888,""Pitch"":0.0384504331662194,""Yaw"":0.1166189583607766}","{""J_wave"":0.04795877634928898,""J_shape"":0.9527298651519426,""env_err"":0.36327972406014003,""fp_err"":0.1674689408243324,""LERD"":0.008732298675839493,""LERM"":0.02010843961776039,""LER_err"":1.3027658998192975,""Tend"":899.8}",PASS,metrics computed from 04_current_runs/runs/RUN_0001_FD_SWAY_RBQ90_PBL255_IMPORTED_PACKAGE_PERIOD_TUNED_20225Z0000_BQIC_0611143733_BQIC_0611161228_BQIC_0612060642/input/qg_r001_center_sway_ac064de6.out
RUN_0001_FD_HEAVE_RBQ90_PBL255_IMPORTED_PACKAGE_PERIOD_TUNED_20225Z0000_BQIC_0611143733_BQIC_0611161228_BQIC_0612060642,RBQ90_PBL255_IMPORTED_PACKAGE_PERIOD_TUNED_20225Z0000_BQIC_0611143733_BQIC_0611161228_BQIC_0612060642,FD_HEAVE,curated,false,20.843158,20.719426,0.59717992,0.0014734067,0.0063011469,0.038386582,0.038386582,0.26717303,0.64966695,,,,,,,,,,0.52212697,0.37664651,0.64966695,"{""Surge"":0.21268257358876194,""Sway"":0.3999172842248046,""Roll"":0.6366152285197888,""Pitch"":0.35349520866237716,""Yaw"":0.3206459131701857}","{""Surge"":0.694133163574395,""Sway"":0.3830351608671329,""Roll"":0.23088104002761986,""Pitch"":0.08142292151490593,""Yaw"":0.09687871817782223}","{""J_wave"":0.038386582203688194,""J_shape"":0.2671730344343143,""env_err"":0.5221269749067187,""fp_err"":0.6496669543614962,""LERD"":0.0029834655567953176,""LERM"":0.0018597536551042302,""LER_err"":0.3766465140285111,""Tend"":399.8}",PASS,metrics computed from 04_current_runs/runs/RUN_0001_FD_HEAVE_RBQ90_PBL255_IMPORTED_PACKAGE_PERIOD_TUNED_20225Z0000_BQIC_0611143733_BQIC_0611161228_BQIC_0612060642/input/qg_r001_center_heave_adcda246.out
RUN_0001_FD_ROLL_RBQ90_PBL255_IMPORTED_PACKAGE_PERIOD_TUNED_20225Z0000_BQIC_0611143733_BQIC_0611161228_BQIC_0612060642,RBQ90_PBL255_IMPORTED_PACKAGE_PERIOD_TUNED_20225Z0000_BQIC_0611143733_BQIC_0611161228_BQIC_0612060642,FD_ROLL,curated,false,31.661805,31.040392,2.0019472,0.025729381,0.02049542,0.046207049,0.046207049,0.96576847,0.24202453,,,,,,,,,,0.21021256,0.011243908,0.24202453,"{""Surge"":0.28216110977035175,""Sway"":0.440265117704339,""Heave"":0.24679785919081573,""Pitch"":0.14651620041689012,""Yaw"":0.2069480994211604}","{""Surge"":0.13004178340036146,""Sway"":0.2811231135878405,""Heave"":0.032594922860306255,""Pitch"":0.24847735333665472,""Yaw"":0.10705157585119539}","{""J_wave"":0.046207048568192306,""J_shape"":0.965768470235973,""env_err"":0.2102125610530241,""fp_err"":0.2420245303005869,""LERD"":0.006503664007973453,""LERM"":0.006576790604705399,""LER_err"":0.011243907533091166,""Tend"":519.8}",PASS,metrics computed from 04_current_runs/runs/RUN_0001_FD_ROLL_RBQ90_PBL255_IMPORTED_PACKAGE_PERIOD_TUNED_20225Z0000_BQIC_0611143733_BQIC_0611161228_BQIC_0612060642/input/qg_r001_center_roll_38d48f80.out
RUN_0001_FD_PITCH_RBQ90_PBL255_IMPORTED_PACKAGE_PERIOD_TUNED_20225Z0000_BQIC_0611143733_BQIC_0611161228_BQIC_0612060642,RBQ90_PBL255_IMPORTED_PACKAGE_PERIOD_TUNED_20225Z0000_BQIC_0611143733_BQIC_0611161228_BQIC_0612060642,FD_PITCH,curated,false,30.507999,30.598882,0.29701453,0.020856658,0.025569995,0.014713236,0.014713236,0.20796211,0.15387015,,,,,,,,,,0.1346887,0.5981415,0.15387015,"{""Surge"":0.356209322362823,""Sway"":0.14941950599850495,""Heave"":0.2865059624941527,""Roll"":0.3404670086450939,""Yaw"":0.2909548621409635}","{""Surge"":0.3652553627158409,""Sway"":0.11511580438120428,""Heave"":0.09709203619753709,""Roll"":0.24451383619627762,""Yaw"":0.12733165013806358}","{""J_wave"":0.014713235948848635,""J_shape"":0.2079621100897117,""env_err"":0.13468870392701693,""fp_err"":0.153870153609555,""LERD"":0.013125939777430977,""LERM"":0.020977109108013196,""LER_err"":0.5981415017674916,""Tend"":484.68}",PASS,metrics computed from 04_current_runs/runs/RUN_0001_FD_PITCH_RBQ90_PBL255_IMPORTED_PACKAGE_PERIOD_TUNED_20225Z0000_BQIC_0611143733_BQIC_0611161228_BQIC_0612060642/input/qg_r001_center_pitch_e18abe27.out
RUN_0001_FD_YAW_RBQ90_PBL255_IMPORTED_PACKAGE_PERIOD_TUNED_20225Z0000_BQIC_0611143733_BQIC_0611161228_BQIC_0612060642,RBQ90_PBL255_IMPORTED_PACKAGE_PERIOD_TUNED_20225Z0000_BQIC_0611143733_BQIC_0611161228_BQIC_0612060642,FD_YAW,curated,false,50.904934,50.687273,0.42941951,0.01844648,0.024700713,0.031799712,0.031799712,0.71838123,0.1794355,,,,,,,,,,0.26210195,3.4704654,0.1794355,"{""Surge"":0.36457927067779755,""Sway"":0.22856979080721512,""Heave"":0.19476543063081772,""Roll"":0.25053093428584666,""Pitch"":0.09158401589021747}","{""Surge"":0.1667131756781034,""Sway"":0.06151291011602063,""Heave"":0.00833951391833249,""Roll"":0.08748756161027149,""Pitch"":0.06650130575791667}","{""J_wave"":0.0317997122706152,""J_shape"":0.718381233362536,""env_err"":0.2621019543322433,""fp_err"":0.1794355032106111,""LERD"":0.010254479339074602,""LERM"":0.04584229476014321,""LER_err"":3.4704653687741662,""Tend"":628.0}",PASS,metrics computed from 04_current_runs/runs/RUN_0001_FD_YAW_RBQ90_PBL255_IMPORTED_PACKAGE_PERIOD_TUNED_20225Z0000_BQIC_0611143733_BQIC_0611161228_BQIC_0612060642/input/qg_r001_center_yaw_fe6ed2b1.out
RUN_0002_FD_HEAVE_RBQ90_PBL255_IMPORTED_PACKAGE_PERIOD_TUNED_20225Z0000_BQIC_0611143733_BQIC_0611161228_BQIC_0612060642,RBQ90_PBL255_IMPORTED_PACKAGE_PERIOD_TUNED_20225Z0000_BQIC_0611143733_BQIC_0611161228_BQIC_0612060642,FD_HEAVE,curated,false,20.843158,20.719426,0.59717992,0.0014734067,0.0063011469,0.038386582,0.038386582,0.26717303,0.64966695,,,,,,,,,,0.52212697,0.37664651,0.64966695,"{""Surge"":0.21268257358876194,""Sway"":0.3999172842248046,""Roll"":0.6366152285197888,""Pitch"":0.35349520866237716,""Yaw"":0.3206459131701857}","{""Surge"":0.694133163574395,""Sway"":0.3830351608671329,""Roll"":0.23088104002761986,""Pitch"":0.08142292151490593,""Yaw"":0.09687871817782223}","{""J_wave"":0.038386582203688194,""J_shape"":0.2671730344343143,""env_err"":0.5221269749067187,""fp_err"":0.6496669543614962,""LERD"":0.0029834655567953176,""LERM"":0.0018597536551042302,""LER_err"":0.3766465140285111,""Tend"":399.8}",PASS,metrics computed from 04_current_runs/runs/RUN_0002_FD_HEAVE_RBQ90_PBL255_IMPORTED_PACKAGE_PERIOD_TUNED_20225Z0000_BQIC_0611143733_BQIC_0611161228_BQIC_0612060642/input/qg_r001_center_heave_adcda246.out
RUN_0001_FD_YAW_BQIC_YAW_0612070916_F100_I102,BQIC_YAW_0612070916_F100_I102,FD_YAW,curated,false,50.313075,50.687273,0.73824889,0.022467835,0.024700713,0.027204702,0.027204702,0.54931518,0.20162353,,,,,,,,,,0.27050089,0.75605018,0.20162353,"{""Surge"":0.4118261440940836,""Sway"":0.22851825558166444,""Heave"":0.2009042947880548,""Roll"":0.2632192935878376,""Pitch"":0.07801584716959176}","{""Surge"":0.1667131756781034,""Sway"":0.06151291011602063,""Heave"":0.00833951391833249,""Roll"":0.08748756161027149,""Pitch"":0.06650130575791667}","{""J_wave"":0.02720470227598641,""J_shape"":0.5493151763948386,""env_err"":0.2705008927901316,""fp_err"":0.20162353309357162,""LERD"":0.010254479339074602,""LERM"":0.01800738033653799,""LER_err"":0.7560501846174702,""Tend"":628.0}",PASS,metrics computed from 04_current_runs/runs/RUN_0001_FD_YAW_BQIC_YAW_0612070916_F100_I102/input/qg_r001_center_yaw_fe6ed2b1.out
RUN_0001_FD_SURGE_RBQ90_PBL255_IMPORTED_PACKAGE_PERIOD_TUNED_20225Z0000_BQIC_0611143733_BQIC_0611161228_BQIC_0612060642_BQIC_0612072125,RBQ90_PBL255_IMPORTED_PACKAGE_PERIOD_TUNED_20225Z0000_BQIC_0611143733_BQIC_0611161228_BQIC_0612060642_BQIC_0612072125,FD_SURGE,curated,false,82.225,82.763612,0.65078407,0.010871949,0.020242479,0.050632098,0.050632098,0.95288635,0.30223682,,,,,,,,,,0.41243468,0.12985051,0.30223682,"{""Sway"":0.22588017452773052,""Heave"":0.18582662348282744,""Roll"":0.23963936997632412,""Pitch"":0.0944401418286636,""Yaw"":0.20640734371199632}","{""Sway"":0.15896017090110728,""Heave"":0.01968059507325694,""Roll"":0.03291602612100948,""Pitch"":0.10723769417504003,""Yaw"":0.03816688415976064}","{""J_wave"":0.05063209750784892,""J_shape"":0.9528863462184654,""env_err"":0.4124346762157335,""fp_err"":0.3022368159690829,""LERD"":0.003995852928715648,""LERM"":0.003476989376440771,""LER_err"":0.12985051290204785,""Tend"":740.9499999999999}",PASS,metrics computed from 04_current_runs/runs/RUN_0001_FD_SURGE_RBQ90_PBL255_IMPORTED_PACKAGE_PERIOD_TUNED_20225Z0000_BQIC_0611143733_BQIC_0611161228_BQIC_0612060642_BQIC_0612072125/input/qg_r001_center_surge_9d3daf69.out
RUN_0001_FD_SWAY_RBQ90_PBL255_IMPORTED_PACKAGE_PERIOD_TUNED_20225Z0000_BQIC_0611143733_BQIC_0611161228_BQIC_0612060642_BQIC_0612072125,RBQ90_PBL255_IMPORTED_PACKAGE_PERIOD_TUNED_20225Z0000_BQIC_0611143733_BQIC_0611161228_BQIC_0612060642_BQIC_0612072125,FD_SWAY,curated,false,80.943434,79.430459,1.9047802,0.018136012,0.023182848,0.047958776,0.047958776,0.95272987,0.16746894,,,,,,,,,,0.36327972,1.3027659,0.16746894,"{""Surge"":0.2597278220208573,""Heave"":0.22883247929732758,""Roll"":0.3698357985552092,""Pitch"":0.15716184614615536,""Yaw"":0.48617219888682583}","{""Surge"":0.09911156186697814,""Heave"":0.018040555839837675,""Roll"":0.11940848210435888,""Pitch"":0.0384504331662194,""Yaw"":0.1166189583607766}","{""J_wave"":0.04795877634928898,""J_shape"":0.9527298651519426,""env_err"":0.36327972406014003,""fp_err"":0.1674689408243324,""LERD"":0.008732298675839493,""LERM"":0.02010843961776039,""LER_err"":1.3027658998192975,""Tend"":899.8}",PASS,metrics computed from 04_current_runs/runs/RUN_0001_FD_SWAY_RBQ90_PBL255_IMPORTED_PACKAGE_PERIOD_TUNED_20225Z0000_BQIC_0611143733_BQIC_0611161228_BQIC_0612060642_BQIC_0612072125/input/qg_r001_center_sway_ac064de6.out
RUN_0001_FD_HEAVE_RBQ90_PBL255_IMPORTED_PACKAGE_PERIOD_TUNED_20225Z0000_BQIC_0611143733_BQIC_0611161228_BQIC_0612060642_BQIC_0612072125,RBQ90_PBL255_IMPORTED_PACKAGE_PERIOD_TUNED_20225Z0000_BQIC_0611143733_BQIC_0611161228_BQIC_0612060642_BQIC_0612072125,FD_HEAVE,curated,false,20.843158,20.719426,0.59717992,0.0014734067,0.0063011469,0.038386582,0.038386582,0.26717303,0.64966695,,,,,,,,,,0.52212697,0.37664651,0.64966695,"{""Surge"":0.21268257358876194,""Sway"":0.3999172842248046,""Roll"":0.6366152285197888,""Pitch"":0.35349520866237716,""Yaw"":0.3206459131701857}","{""Surge"":0.694133163574395,""Sway"":0.3830351608671329,""Roll"":0.23088104002761986,""Pitch"":0.08142292151490593,""Yaw"":0.09687871817782223}","{""J_wave"":0.038386582203688194,""J_shape"":0.2671730344343143,""env_err"":0.5221269749067187,""fp_err"":0.6496669543614962,""LERD"":0.0029834655567953176,""LERM"":0.0018597536551042302,""LER_err"":0.3766465140285111,""Tend"":399.8}",PASS,metrics computed from 04_current_runs/runs/RUN_0001_FD_HEAVE_RBQ90_PBL255_IMPORTED_PACKAGE_PERIOD_TUNED_20225Z0000_BQIC_0611143733_BQIC_0611161228_BQIC_0612060642_BQIC_0612072125/input/qg_r001_center_heave_adcda246.out
RUN_0001_FD_ROLL_RBQ90_PBL255_IMPORTED_PACKAGE_PERIOD_TUNED_20225Z0000_BQIC_0611143733_BQIC_0611161228_BQIC_0612060642_BQIC_0612072125,RBQ90_PBL255_IMPORTED_PACKAGE_PERIOD_TUNED_20225Z0000_BQIC_0611143733_BQIC_0611161228_BQIC_0612060642_BQIC_0612072125,FD_ROLL,curated,false,31.661805,31.040392,2.0019472,0.025729381,0.02049542,0.046207049,0.046207049,0.96576847,0.24202453,,,,,,,,,,0.21021256,0.011243908,0.24202453,"{""Surge"":0.28216110977035175,""Sway"":0.440265117704339,""Heave"":0.24679785919081573,""Pitch"":0.14651620041689012,""Yaw"":0.2069480994211604}","{""Surge"":0.13004178340036146,""Sway"":0.2811231135878405,""Heave"":0.032594922860306255,""Pitch"":0.24847735333665472,""Yaw"":0.10705157585119539}","{""J_wave"":0.046207048568192306,""J_shape"":0.965768470235973,""env_err"":0.2102125610530241,""fp_err"":0.2420245303005869,""LERD"":0.006503664007973453,""LERM"":0.006576790604705399,""LER_err"":0.011243907533091166,""Tend"":519.8}",PASS,metrics computed from 04_current_runs/runs/RUN_0001_FD_ROLL_RBQ90_PBL255_IMPORTED_PACKAGE_PERIOD_TUNED_20225Z0000_BQIC_0611143733_BQIC_0611161228_BQIC_0612060642_BQIC_0612072125/input/qg_r001_center_roll_38d48f80.out
RUN_0001_FD_PITCH_RBQ90_PBL255_IMPORTED_PACKAGE_PERIOD_TUNED_20225Z0000_BQIC_0611143733_BQIC_0611161228_BQIC_0612060642_BQIC_0612072125,RBQ90_PBL255_IMPORTED_PACKAGE_PERIOD_TUNED_20225Z0000_BQIC_0611143733_BQIC_0611161228_BQIC_0612060642_BQIC_0612072125,FD_PITCH,curated,false,30.507999,30.598882,0.29701453,0.020856658,0.025569995,0.014713236,0.014713236,0.20796211,0.15387015,,,,,,,,,,0.1346887,0.5981415,0.15387015,"{""Surge"":0.356209322362823,""Sway"":0.14941950599850495,""Heave"":0.2865059624941527,""Roll"":0.3404670086450939,""Yaw"":0.2909548621409635}","{""Surge"":0.3652553627158409,""Sway"":0.11511580438120428,""Heave"":0.09709203619753709,""Roll"":0.24451383619627762,""Yaw"":0.12733165013806358}","{""J_wave"":0.014713235948848635,""J_shape"":0.2079621100897117,""env_err"":0.13468870392701693,""fp_err"":0.153870153609555,""LERD"":0.013125939777430977,""LERM"":0.020977109108013196,""LER_err"":0.5981415017674916,""Tend"":484.68}",PASS,metrics computed from 04_current_runs/runs/RUN_0001_FD_PITCH_RBQ90_PBL255_IMPORTED_PACKAGE_PERIOD_TUNED_20225Z0000_BQIC_0611143733_BQIC_0611161228_BQIC_0612060642_BQIC_0612072125/input/qg_r001_center_pitch_e18abe27.out
RUN_0001_FD_YAW_RBQ90_PBL255_IMPORTED_PACKAGE_PERIOD_TUNED_20225Z0000_BQIC_0611143733_BQIC_0611161228_BQIC_0612060642_BQIC_0612072125,RBQ90_PBL255_IMPORTED_PACKAGE_PERIOD_TUNED_20225Z0000_BQIC_0611143733_BQIC_0611161228_BQIC_0612060642_BQIC_0612072125,FD_YAW,curated,false,50.313075,50.687273,0.73824889,0.022467835,0.024700713,0.027204702,0.027204702,0.54931518,0.20162353,,,,,,,,,,0.27050089,0.75605018,0.20162353,"{""Surge"":0.4118261440940836,""Sway"":0.22851825558166444,""Heave"":0.2009042947880548,""Roll"":0.2632192935878376,""Pitch"":0.07801584716959176}","{""Surge"":0.1667131756781034,""Sway"":0.06151291011602063,""Heave"":0.00833951391833249,""Roll"":0.08748756161027149,""Pitch"":0.06650130575791667}","{""J_wave"":0.02720470227598641,""J_shape"":0.5493151763948386,""env_err"":0.2705008927901316,""fp_err"":0.20162353309357162,""LERD"":0.010254479339074602,""LERM"":0.01800738033653799,""LER_err"":0.7560501846174702,""Tend"":628.0}",PASS,metrics computed from 04_current_runs/runs/RUN_0001_FD_YAW_RBQ90_PBL255_IMPORTED_PACKAGE_PERIOD_TUNED_20225Z0000_BQIC_0611143733_BQIC_0611161228_BQIC_0612060642_BQIC_0612072125/input/qg_r001_center_yaw_fe6ed2b1.out
RUN_0002_FD_YAW_RBQ90_PBL255_IMPORTED_PACKAGE_PERIOD_TUNED_20225Z0000_BQIC_0611143733_BQIC_0611161228_BQIC_0612060642_BQIC_0612072125,RBQ90_PBL255_IMPORTED_PACKAGE_PERIOD_TUNED_20225Z0000_BQIC_0611143733_BQIC_0611161228_BQIC_0612060642_BQIC_0612072125,FD_YAW,curated,false,50.313075,50.687273,0.73824889,0.022467835,0.024700713,0.027204702,0.027204702,0.54931518,0.20162353,,,,,,,,,,0.27050089,0.75605018,0.20162353,"{""Surge"":0.4118261440940836,""Sway"":0.22851825558166444,""Heave"":0.2009042947880548,""Roll"":0.2632192935878376,""Pitch"":0.07801584716959176}","{""Surge"":0.1667131756781034,""Sway"":0.06151291011602063,""Heave"":0.00833951391833249,""Roll"":0.08748756161027149,""Pitch"":0.06650130575791667}","{""J_wave"":0.02720470227598641,""J_shape"":0.5493151763948386,""env_err"":0.2705008927901316,""fp_err"":0.20162353309357162,""LERD"":0.010254479339074602,""LERM"":0.01800738033653799,""LER_err"":0.7560501846174702,""Tend"":628.0}",PASS,metrics computed from 04_current_runs/runs/RUN_0002_FD_YAW_RBQ90_PBL255_IMPORTED_PACKAGE_PERIOD_TUNED_20225Z0000_BQIC_0611143733_BQIC_0611161228_BQIC_0612060642_BQIC_0612072125/input/qg_r001_center_yaw_fe6ed2b1.out
RUN_0002_FD_ROLL_RBQ90_PBL255_IMPORTED_PACKAGE_PERIOD_TUNED_20225Z0000_BQIC_0611143733_BQIC_0611161228_BQIC_0612060642_BQIC_0612072125,RBQ90_PBL255_IMPORTED_PACKAGE_PERIOD_TUNED_20225Z0000_BQIC_0611143733_BQIC_0611161228_BQIC_0612060642_BQIC_0612072125,FD_ROLL,curated,false,31.661805,31.040392,2.0019472,0.025729381,0.02049542,0.046207049,0.046207049,0.96576847,0.24202453,,,,,,,,,,0.21021256,0.011243908,0.24202453,"{""Surge"":0.28216110977035175,""Sway"":0.440265117704339,""Heave"":0.24679785919081573,""Pitch"":0.14651620041689012,""Yaw"":0.2069480994211604}","{""Surge"":0.13004178340036146,""Sway"":0.2811231135878405,""Heave"":0.032594922860306255,""Pitch"":0.24847735333665472,""Yaw"":0.10705157585119539}","{""J_wave"":0.046207048568192306,""J_shape"":0.965768470235973,""env_err"":0.2102125610530241,""fp_err"":0.2420245303005869,""LERD"":0.006503664007973453,""LERM"":0.006576790604705399,""LER_err"":0.011243907533091166,""Tend"":519.8}",PASS,metrics computed from 04_current_runs/runs/RUN_0002_FD_ROLL_RBQ90_PBL255_IMPORTED_PACKAGE_PERIOD_TUNED_20225Z0000_BQIC_0611143733_BQIC_0611161228_BQIC_0612060642_BQIC_0612072125/input/qg_r001_center_roll_38d48f80.out
RUN_0001_FD_SWAY_BQIC_SWAY_0612090051_F100_I102,BQIC_SWAY_0612090051_F100_I102,FD_SWAY,curated,false,81.500957,79.430459,2.6066805,0.024371127,0.023182848,0.041654771,0.041654771,0.77661815,0.17945897,,,,,,,,,,0.32304132,0.35183958,0.17945897,"{""Surge"":0.26816376680217735,""Heave"":0.2168165516260234,""Roll"":0.3505626586509387,""Pitch"":0.14302719078669343,""Yaw"":0.46150748167672534}","{""Surge"":0.09911156186697814,""Heave"":0.018040555839837675,""Roll"":0.11940848210435888,""Pitch"":0.0384504331662194,""Yaw"":0.1166189583607766}","{""J_wave"":0.04165477091706935,""J_shape"":0.7766181475371647,""env_err"":0.32304132168664657,""fp_err"":0.1794589747715785,""LERD"":0.008732298675839493,""LERM"":0.005659930353963606,""LER_err"":0.35183958267214444,""Tend"":899.8}",PASS,metrics computed from 04_current_runs/runs/RUN_0001_FD_SWAY_BQIC_SWAY_0612090051_F100_I102/input/qg_r001_center_sway_ac064de6.out
RUN_0003_FD_SURGE_RBQ90_PBL255_IMPORTED_PACKAGE_PERIOD_TUNED_20225Z0000_BQIC_0611143733_BQIC_0611161228_BQIC_0612060642_BQIC_0612072125_BQIC_0612091400,RBQ90_PBL255_IMPORTED_PACKAGE_PERIOD_TUNED_20225Z0000_BQIC_0611143733_BQIC_0611161228_BQIC_0612060642_BQIC_0612072125_BQIC_0612091400,FD_SURGE,curated,false,82.225,82.763612,0.65078407,0.010871949,0.020242479,0.050632098,0.050632098,0.95288635,0.30223682,0.32811855,0.67188145,0.67188145,-23.215405,-15.598,-23.35351,-13.62,-0.05,,0.41243468,0.12985051,0.30223682,"{""Sway"":0.22588017452773052,""Heave"":0.18582662348282744,""Roll"":0.23963936997632412,""Pitch"":0.0944401418286636,""Yaw"":0.20640734371199632}","{""Sway"":0.15896017090110728,""Heave"":0.01968059507325694,""Roll"":0.03291602612100948,""Pitch"":0.10723769417504003,""Yaw"":0.03816688415976064}","{""J_wave"":0.05063209750784892,""J_shape"":0.9528863462184654,""env_err"":0.4124346762157335,""fp_err"":0.3022368159690829,""LERD"":0.003995852928715648,""LERM"":0.003476989376440771,""LER_err"":0.12985051290204785,""Tend"":740.9499999999999}",PASS,metrics computed from 04_current_runs/runs/RUN_0003_FD_SURGE_RBQ90_PBL255_IMPORTED_PACKAGE_PERIOD_TUNED_20225Z0000_BQIC_0611143733_BQIC_0611161228_BQIC_0612060642_BQIC_0612072125_BQIC_0612091400/input/qg_r001_center_surge_9d3daf69.out
RUN_0002_FD_SWAY_RBQ90_PBL255_IMPORTED_PACKAGE_PERIOD_TUNED_20225Z0000_BQIC_0611143733_BQIC_0611161228_BQIC_0612060642_BQIC_0612072125_BQIC_0612091400,RBQ90_PBL255_IMPORTED_PACKAGE_PERIOD_TUNED_20225Z0000_BQIC_0611143733_BQIC_0611161228_BQIC_0612060642_BQIC_0612072125_BQIC_0612091400,FD_SWAY,curated,false,81.500957,79.430459,2.6066805,0.024371127,0.023182848,0.041654771,0.041654771,0.77661815,0.17945897,,,,,,,,,,0.32304132,0.35183958,0.17945897,"{""Surge"":0.26816376680217735,""Heave"":0.2168165516260234,""Roll"":0.3505626586509387,""Pitch"":0.14302719078669343,""Yaw"":0.46150748167672534}","{""Surge"":0.09911156186697814,""Heave"":0.018040555839837675,""Roll"":0.11940848210435888,""Pitch"":0.0384504331662194,""Yaw"":0.1166189583607766}","{""J_wave"":0.04165477091706935,""J_shape"":0.7766181475371647,""env_err"":0.32304132168664657,""fp_err"":0.1794589747715785,""LERD"":0.008732298675839493,""LERM"":0.005659930353963606,""LER_err"":0.35183958267214444,""Tend"":899.8}",PASS,metrics computed from 04_current_runs/runs/RUN_0002_FD_SWAY_RBQ90_PBL255_IMPORTED_PACKAGE_PERIOD_TUNED_20225Z0000_BQIC_0611143733_BQIC_0611161228_BQIC_0612060642_BQIC_0612072125_BQIC_0612091400/input/qg_r001_center_sway_ac064de6.out
RUN_0001_FD_HEAVE_RBQ90_PBL255_IMPORTED_PACKAGE_PERIOD_TUNED_20225Z0000_BQIC_0611143733_BQIC_0611161228_BQIC_0612060642_BQIC_0612072125_BQIC_0612091400,RBQ90_PBL255_IMPORTED_PACKAGE_PERIOD_TUNED_20225Z0000_BQIC_0611143733_BQIC_0611161228_BQIC_0612060642_BQIC_0612072125_BQIC_0612091400,FD_HEAVE,curated,false,20.843158,20.719426,0.59717992,0.0014734067,0.0063011469,0.038386582,0.038386582,0.26717303,0.64966695,0.57662278,1.5766228,1.5766228,-8.2867,-13.065,-8.2962,-8.184,-0.05,,0.52212697,0.37664651,0.64966695,"{""Surge"":0.21268257358876194,""Sway"":0.3999172842248046,""Roll"":0.6366152285197888,""Pitch"":0.35349520866237716,""Yaw"":0.3206459131701857}","{""Surge"":0.694133163574395,""Sway"":0.3830351608671329,""Roll"":0.23088104002761986,""Pitch"":0.08142292151490593,""Yaw"":0.09687871817782223}","{""J_wave"":0.038386582203688194,""J_shape"":0.2671730344343143,""env_err"":0.5221269749067187,""fp_err"":0.6496669543614962,""LERD"":0.0029834655567953176,""LERM"":0.0018597536551042302,""LER_err"":0.3766465140285111,""Tend"":399.8}",PASS,metrics computed from 04_current_runs/runs/RUN_0001_FD_HEAVE_RBQ90_PBL255_IMPORTED_PACKAGE_PERIOD_TUNED_20225Z0000_BQIC_0611143733_BQIC_0611161228_BQIC_0612060642_BQIC_0612072125_BQIC_0612091400/input/qg_r001_center_heave_adcda246.out
RUN_0001_FD_ROLL_RBQ90_PBL255_IMPORTED_PACKAGE_PERIOD_TUNED_20225Z0000_BQIC_0611143733_BQIC_0611161228_BQIC_0612060642_BQIC_0612072125_BQIC_0612091400,RBQ90_PBL255_IMPORTED_PACKAGE_PERIOD_TUNED_20225Z0000_BQIC_0611143733_BQIC_0611161228_BQIC_0612060642_BQIC_0612072125_BQIC_0612091400,FD_ROLL,curated,false,31.661805,31.040392,2.0019472,0.025729381,0.02049542,0.046207049,0.046207049,0.96576847,0.24202453,0.19158707,1.1915871,1.1915871,11.95968,14.251,11.97218,16.89,-0.05,,0.21021256,0.011243908,0.24202453,"{""Surge"":0.28216110977035175,""Sway"":0.440265117704339,""Heave"":0.24679785919081573,""Pitch"":0.14651620041689012,""Yaw"":0.2069480994211604}","{""Surge"":0.13004178340036146,""Sway"":0.2811231135878405,""Heave"":0.032594922860306255,""Pitch"":0.24847735333665472,""Yaw"":0.10705157585119539}","{""J_wave"":0.046207048568192306,""J_shape"":0.965768470235973,""env_err"":0.2102125610530241,""fp_err"":0.2420245303005869,""LERD"":0.006503664007973453,""LERM"":0.006576790604705399,""LER_err"":0.011243907533091166,""Tend"":519.8}",PASS,metrics computed from 04_current_runs/runs/RUN_0001_FD_ROLL_RBQ90_PBL255_IMPORTED_PACKAGE_PERIOD_TUNED_20225Z0000_BQIC_0611143733_BQIC_0611161228_BQIC_0612060642_BQIC_0612072125_BQIC_0612091400/input/qg_r001_center_roll_38d48f80.out
RUN_0001_FD_PITCH_RBQ90_PBL255_IMPORTED_PACKAGE_PERIOD_TUNED_20225Z0000_BQIC_0611143733_BQIC_0611161228_BQIC_0612060642_BQIC_0612072125_BQIC_0612091400,RBQ90_PBL255_IMPORTED_PACKAGE_PERIOD_TUNED_20225Z0000_BQIC_0611143733_BQIC_0611161228_BQIC_0612060642_BQIC_0612072125_BQIC_0612091400,FD_PITCH,curated,false,30.507999,30.598882,0.29701453,0.020856658,0.025569995,0.014713236,0.014713236,0.20796211,0.15387015,0.16358382,1.1635838,1.1635838,-9.03115,-10.5085,-9.028615,-9.679,-0.05,,0.1346887,0.5981415,0.15387015,"{""Surge"":0.356209322362823,""Sway"":0.14941950599850495,""Heave"":0.2865059624941527,""Roll"":0.3404670086450939,""Yaw"":0.2909548621409635}","{""Surge"":0.3652553627158409,""Sway"":0.11511580438120428,""Heave"":0.09709203619753709,""Roll"":0.24451383619627762,""Yaw"":0.12733165013806358}","{""J_wave"":0.014713235948848635,""J_shape"":0.2079621100897117,""env_err"":0.13468870392701693,""fp_err"":0.153870153609555,""LERD"":0.013125939777430977,""LERM"":0.020977109108013196,""LER_err"":0.5981415017674916,""Tend"":484.68}",PASS,metrics computed from 04_current_runs/runs/RUN_0001_FD_PITCH_RBQ90_PBL255_IMPORTED_PACKAGE_PERIOD_TUNED_20225Z0000_BQIC_0611143733_BQIC_0611161228_BQIC_0612060642_BQIC_0612072125_BQIC_0612091400/input/qg_r001_center_pitch_e18abe27.out
RUN_0001_FD_YAW_RBQ90_PBL255_IMPORTED_PACKAGE_PERIOD_TUNED_20225Z0000_BQIC_0611143733_BQIC_0611161228_BQIC_0612060642_BQIC_0612072125_BQIC_0612091400,RBQ90_PBL255_IMPORTED_PACKAGE_PERIOD_TUNED_20225Z0000_BQIC_0611143733_BQIC_0611161228_BQIC_0612060642_BQIC_0612072125_BQIC_0612091400,FD_YAW,curated,false,50.313075,50.687273,0.73824889,0.022467835,0.024700713,0.027204702,0.027204702,0.54931518,0.20162353,,,,,,,,,,0.27050089,0.75605018,0.20162353,"{""Surge"":0.4118261440940836,""Sway"":0.22851825558166444,""Heave"":0.2009042947880548,""Roll"":0.2632192935878376,""Pitch"":0.07801584716959176}","{""Surge"":0.1667131756781034,""Sway"":0.06151291011602063,""Heave"":0.00833951391833249,""Roll"":0.08748756161027149,""Pitch"":0.06650130575791667}","{""J_wave"":0.02720470227598641,""J_shape"":0.5493151763948386,""env_err"":0.2705008927901316,""fp_err"":0.20162353309357162,""LERD"":0.010254479339074602,""LERM"":0.01800738033653799,""LER_err"":0.7560501846174702,""Tend"":628.0}",PASS,metrics computed from 04_current_runs/runs/RUN_0001_FD_YAW_RBQ90_PBL255_IMPORTED_PACKAGE_PERIOD_TUNED_20225Z0000_BQIC_0611143733_BQIC_0611161228_BQIC_0612060642_BQIC_0612072125_BQIC_0612091400/input/qg_r001_center_yaw_fe6ed2b1.out
RUN_0003_FD_SWAY_RBQ90_PBL255_IMPORTED_PACKAGE_PERIOD_TUNED_20225Z0000_BQIC_0611143733_BQIC_0611161228_BQIC_0612060642_BQIC_0612072125_BQIC_0612091400,RBQ90_PBL255_IMPORTED_PACKAGE_PERIOD_TUNED_20225Z0000_BQIC_0611143733_BQIC_0611161228_BQIC_0612060642_BQIC_0612072125_BQIC_0612091400,FD_SWAY,curated,false,81.500957,79.430459,2.6066805,0.024371127,0.023182848,0.041654771,0.041654771,0.77661815,0.17945897,,,,,,,,,,0.32304132,0.35183958,0.17945897,"{""Surge"":0.26816376680217735,""Heave"":0.2168165516260234,""Roll"":0.3505626586509387,""Pitch"":0.14302719078669343,""Yaw"":0.46150748167672534}","{""Surge"":0.09911156186697814,""Heave"":0.018040555839837675,""Roll"":0.11940848210435888,""Pitch"":0.0384504331662194,""Yaw"":0.1166189583607766}","{""J_wave"":0.04165477091706935,""J_shape"":0.7766181475371647,""env_err"":0.32304132168664657,""fp_err"":0.1794589747715785,""LERD"":0.008732298675839493,""LERM"":0.005659930353963606,""LER_err"":0.35183958267214444,""Tend"":899.8}",PASS,metrics computed from 04_current_runs/runs/RUN_0003_FD_SWAY_RBQ90_PBL255_IMPORTED_PACKAGE_PERIOD_TUNED_20225Z0000_BQIC_0611143733_BQIC_0611161228_BQIC_0612060642_BQIC_0612072125_BQIC_0612091400/input/qg_r001_center_sway_ac064de6.out
RUN_0004_FD_SWAY_RBQ90_PBL255_IMPORTED_PACKAGE_PERIOD_TUNED_20225Z0000_BQIC_0611143733_BQIC_0611161228_BQIC_0612060642_BQIC_0612072125_BQIC_0612091400,RBQ90_PBL255_IMPORTED_PACKAGE_PERIOD_TUNED_20225Z0000_BQIC_0611143733_BQIC_0611161228_BQIC_0612060642_BQIC_0612072125_BQIC_0612091400,FD_SWAY,curated,false,81.500957,79.430459,2.6066805,0.024371127,0.023182848,0.041654771,0.041654771,0.77661815,0.17945897,0.22123906,0.77876094,0.77876094,-15.1099,-11.767,-15.02749,-10.17,-0.05,,0.32304132,0.35183958,0.17945897,"{""Surge"":0.26816376680217735,""Heave"":0.2168165516260234,""Roll"":0.3505626586509387,""Pitch"":0.14302719078669343,""Yaw"":0.46150748167672534}","{""Surge"":0.09911156186697814,""Heave"":0.018040555839837675,""Roll"":0.11940848210435888,""Pitch"":0.0384504331662194,""Yaw"":0.1166189583607766}","{""J_wave"":0.04165477091706935,""J_shape"":0.7766181475371647,""env_err"":0.32304132168664657,""fp_err"":0.1794589747715785,""LERD"":0.008732298675839493,""LERM"":0.005659930353963606,""LER_err"":0.35183958267214444,""Tend"":899.8}",PASS,metrics computed from 04_current_runs/runs/RUN_0004_FD_SWAY_RBQ90_PBL255_IMPORTED_PACKAGE_PERIOD_TUNED_20225Z0000_BQIC_0611143733_BQIC_0611161228_BQIC_0612060642_BQIC_0612072125_BQIC_0612091400/input/qg_r001_center_sway_ac064de6.out
RUN_0003_FD_YAW_RBQ90_PBL255_IMPORTED_PACKAGE_PERIOD_TUNED_20225Z0000_BQIC_0611143733_BQIC_0611161228_BQIC_0612060642_BQIC_0612072125_BQIC_0612091400,RBQ90_PBL255_IMPORTED_PACKAGE_PERIOD_TUNED_20225Z0000_BQIC_0611143733_BQIC_0611161228_BQIC_0612060642_BQIC_0612072125_BQIC_0612091400,FD_YAW,curated,false,50.313075,50.687273,0.73824889,0.022467835,0.024700713,0.027204702,0.027204702,0.54931518,0.20162353,0.19985461,0.80014539,0.80014539,-18.0201,-14.4187,-17.8903,-14.98,-0.05,,0.27050089,0.75605018,0.20162353,"{""Surge"":0.4118261440940836,""Sway"":0.22851825558166444,""Heave"":0.2009042947880548,""Roll"":0.2632192935878376,""Pitch"":0.07801584716959176}","{""Surge"":0.1667131756781034,""Sway"":0.06151291011602063,""Heave"":0.00833951391833249,""Roll"":0.08748756161027149,""Pitch"":0.06650130575791667}","{""J_wave"":0.02720470227598641,""J_shape"":0.5493151763948386,""env_err"":0.2705008927901316,""fp_err"":0.20162353309357162,""LERD"":0.010254479339074602,""LERM"":0.01800738033653799,""LER_err"":0.7560501846174702,""Tend"":628.0}",PASS,metrics computed from 04_current_runs/runs/RUN_0003_FD_YAW_RBQ90_PBL255_IMPORTED_PACKAGE_PERIOD_TUNED_20225Z0000_BQIC_0611143733_BQIC_0611161228_BQIC_0612060642_BQIC_0612072125_BQIC_0612091400/input/qg_r001_center_yaw_fe6ed2b1.out
RUN_0001_FD_SURGE_BQIC_SURGE_0612120539_F100_I100,BQIC_SURGE_0612120539_F100_I100,FD_SURGE,curated,false,82.225,82.763612,0.65078407,0.010871949,0.020242479,0.050632098,0.050632098,0.95288635,0.30223682,0.32811855,0.67188145,0.67188145,-23.215405,-15.598,-23.35351,-13.62,-0.05,,0.41243468,0.12985051,0.30223682,"{""Sway"":0.22588017452773052,""Heave"":0.18582662348282744,""Roll"":0.23963936997632412,""Pitch"":0.0944401418286636,""Yaw"":0.20640734371199632}","{""Sway"":0.15896017090110728,""Heave"":0.01968059507325694,""Roll"":0.03291602612100948,""Pitch"":0.10723769417504003,""Yaw"":0.03816688415976064}","{""J_wave"":0.05063209750784892,""J_shape"":0.9528863462184654,""env_err"":0.4124346762157335,""fp_err"":0.3022368159690829,""LERD"":0.003995852928715648,""LERM"":0.003476989376440771,""LER_err"":0.12985051290204785,""Tend"":740.9499999999999}",PASS,metrics computed from 04_current_runs/runs/RUN_0001_FD_SURGE_BQIC_SURGE_0612120539_F100_I100/input/qg_r001_center_surge_9d3daf69.out
RUN_0001_FD_SURGE_BQIC_SURGE_0612120539_F150_I100,BQIC_SURGE_0612120539_F150_I100,FD_SURGE,curated,false,85.983333,82.763612,3.8902615,0.014989332,0.020242479,0.054142499,0.054142499,0.95578379,0.32403225,0.33768116,0.66231884,0.66231884,-23.215405,-15.376,-23.35351,-13.62,-0.05,,0.43453086,0.53780309,0.32403225,"{""Sway"":0.1664003639606271,""Heave"":0.19502907457348415,""Roll"":0.24394330477257514,""Pitch"":0.07035102589556452,""Yaw"":0.23629266679631353}","{""Sway"":0.15896017090110728,""Heave"":0.01968059507325694,""Roll"":0.03291602612100948,""Pitch"":0.10723769417504003,""Yaw"":0.03816688415976064}","{""J_wave"":0.05414249891065958,""J_shape"":0.9557837913751169,""env_err"":0.43453086483545467,""fp_err"":0.3240322505718255,""LERD"":0.003995852928715648,""LERM"":0.0061448350008282745,""LER_err"":0.5378030949711041,""Tend"":740.9499999999999}",PASS,metrics computed from 04_current_runs/runs/RUN_0001_FD_SURGE_BQIC_SURGE_0612120539_F150_I100/input/qg_r001_center_surge_9d3daf69.out
RUN_0001_FD_SURGE_PHYS_SURGE_BASE_22152Z0000,PHYS_SURGE_BASE_22152Z0000,FD_SURGE,curated,false,11.255791,82.763612,86.400072,0.0026395132,0.020242479,0.14118563,0.14118563,1.1083569,0.60587018,,,,,,,,,,0.63018581,0.75465199,0.60587018,"{""Sway"":0.1245081655367507,""Heave"":0.05331231566343966,""Roll"":0.025185943763258476,""Pitch"":0.5750014765506691,""Yaw"":0.053891836712260506}","{""Sway"":0.15896017090110728,""Heave"":0.01968059507325694,""Roll"":0.03291602612100948,""Pitch"":0.10723769417504003,""Yaw"":0.03816688415976064}","{""J_wave"":0.14118563128170775,""J_shape"":1.1083568981056875,""env_err"":0.6301858072313558,""fp_err"":0.6058701814377145,""LERD"":0.003995852928715648,""LERM"":0.0009803745633323083,""LER_err"":0.7546519902454414,""Tend"":740.9499999999999}",PASS,metrics computed from 04_current_runs/runs/RUN_0001_FD_SURGE_PHYS_SURGE_BASE_22152Z0000/input/OpenFAST_input_files/IEA-15-240-RWT-UMaineSemi.out
RUN_0001_FD_SURGE_BQIC_SURGE_0612120539_F200_I100,BQIC_SURGE_0612120539_F200_I100,FD_SURGE,curated,false,79.892222,82.763612,3.4693872,0.0094843863,0.020242479,0.061013935,0.061013935,1.0734009,0.29707085,0.33406288,0.66593712,0.66593712,-23.215405,-15.46,-23.35351,-13.62,-0.05,,0.49277297,1.007059,0.29707085,"{""Sway"":0.31727364606077724,""Heave"":0.20849175910416906,""Roll"":0.26970861281372976,""Pitch"":0.08825241991761237,""Yaw"":0.19526145721407767}","{""Sway"":0.15896017090110728,""Heave"":0.01968059507325694,""Roll"":0.03291602612100948,""Pitch"":0.10723769417504003,""Yaw"":0.03816688415976064}","{""J_wave"":0.06101393528361096,""J_shape"":1.0734008797838748,""env_err"":0.4927729682296761,""fp_err"":0.2970708470981517,""LERD"":0.003995852928715648,""LERM"":0.008019912389319976,""LER_err"":1.0070589514659005,""Tend"":740.9499999999999}",PASS,metrics computed from 04_current_runs/runs/RUN_0001_FD_SURGE_BQIC_SURGE_0612120539_F200_I100/input/qg_r001_center_surge_9d3daf69.out
RUN_0001_FD_SURGE_BQIC_SURGE_0612122849_F075_I090,BQIC_SURGE_0612122849_F075_I090,FD_SURGE,curated,false,89.05,82.763612,7.5955935,0.020888234,0.020242479,0.057496733,0.057496733,1.1884242,0.41150362,,,,,,,,,,0.42846824,1.0471692,0.41150362,"{""Sway"":0.20185726016550315,""Heave"":0.19445239792582564,""Roll"":0.25232107337599874,""Pitch"":0.08634978974872283,""Yaw"":0.2787921853215317}","{""Sway"":0.15896017090110728,""Heave"":0.01968059507325694,""Roll"":0.03291602612100948,""Pitch"":0.10723769417504003,""Yaw"":0.03816688415976064}","{""J_wave"":0.0574967334815012,""J_shape"":1.1884242369509799,""env_err"":0.4284682385013061,""fp_err"":0.41150361578452616,""LERD"":0.003995852928715648,""LERM"":0.008180186961270606,""LER_err"":1.0471691794472253,""Tend"":740.9499999999999}",PASS,metrics computed from 04_current_runs/runs/RUN_0001_FD_SURGE_BQIC_SURGE_0612122849_F075_I090/input/qg_r001_center_surge_9d3daf69.out
RUN_0001_FD_SURGE_BQIC_SURGE_0612123519_F100_I098,BQIC_SURGE_0612123519_F100_I098,FD_SURGE,curated,false,80.537821,82.763612,2.6893363,0.013056731,0.020242479,0.050165381,0.050165381,0.99651724,0.32838251,0.35676332,0.64323668,0.64323668,-23.215405,-14.933,-23.35351,-13.34,-0.05,,0.41416696,0.7219758,0.32838251,"{""Sway"":0.17496064301440561,""Heave"":0.18931288107058672,""Roll"":0.24545062707956797,""Pitch"":0.09316304758869282,""Yaw"":0.27578951805982993}","{""Sway"":0.15896017090110728,""Heave"":0.01968059507325694,""Roll"":0.03291602612100948,""Pitch"":0.10723769417504003,""Yaw"":0.03816688415976064}","{""J_wave"":0.05016538123633641,""J_shape"":0.9965172436789596,""env_err"":0.41416696059477803,""fp_err"":0.32838250971047994,""LERD"":0.003995852928715648,""LERM"":0.006880762057216639,""LER_err"":0.721975803405823,""Tend"":740.9499999999999}",PASS,metrics computed from 04_current_runs/runs/RUN_0001_FD_SURGE_BQIC_SURGE_0612123519_F100_I098/input/qg_r001_center_surge_9d3daf69.out
RUN_0001_FD_SURGE_BQIC_SURGE_0612122849_F100_I090,BQIC_SURGE_0612122849_F100_I090,FD_SURGE,curated,false,88.884406,82.763612,7.3955124,0.020727704,0.020242479,0.052620023,0.052620023,0.83992471,0.40849338,,,,,,,,,,0.45136268,0.35080642,0.40849338,"{""Sway"":0.18117258723044444,""Heave"":0.20498837368906658,""Roll"":0.2698739491136513,""Pitch"":0.08978457683244459,""Yaw"":0.20439586300315848}","{""Sway"":0.15896017090110728,""Heave"":0.01968059507325694,""Roll"":0.03291602612100948,""Pitch"":0.10723769417504003,""Yaw"":0.03816688415976064}","{""J_wave"":0.052620023111226294,""J_shape"":0.8399247147109593,""env_err"":0.4513626824155152,""fp_err"":0.40849338262628443,""LERD"":0.003995852928715648,""LERM"":0.0025940820554986423,""LER_err"":0.35080642311516824,""Tend"":740.9499999999999}",PASS,metrics computed from 04_current_runs/runs/RUN_0001_FD_SURGE_BQIC_SURGE_0612122849_F100_I090/input/qg_r001_center_surge_9d3daf69.out
RUN_0001_FD_SURGE_BQIC_SURGE_0612123519_F100_I102,BQIC_SURGE_0612123519_F100_I102,FD_SURGE,curated,false,88.85,82.763612,7.3539414,0.012452802,0.020242479,0.049939823,0.049939823,0.98575071,0.29628903,0.31088861,0.68911139,0.68911139,-23.215405,-15.998,-23.35351,-13.89,-0.05,,0.39638209,0.52394419,0.29628903,"{""Sway"":0.16154953455094306,""Heave"":0.18353122249894688,""Roll"":0.23411249254500774,""Pitch"":0.07932681680031814,""Yaw"":0.14403229225461564}","{""Sway"":0.15896017090110728,""Heave"":0.01968059507325694,""Roll"":0.03291602612100948,""Pitch"":0.10723769417504003,""Yaw"":0.03816688415976064}","{""J_wave"":0.049939822782427375,""J_shape"":0.9857507095049463,""env_err"":0.39638209219759707,""fp_err"":0.2962890279098967,""LERD"":0.003995852928715648,""LERM"":0.00608945683600816,""LER_err"":0.5239441852944875,""Tend"":740.9499999999999}",PASS,metrics computed from 04_current_runs/runs/RUN_0001_FD_SURGE_BQIC_SURGE_0612123519_F100_I102/input/qg_r001_center_surge_9d3daf69.out
RUN_0001_FD_SURGE_BQIC_SURGE_0612122849_F125_I090,BQIC_SURGE_0612122849_F125_I090,FD_SURGE,curated,false,85.534754,82.763612,3.3482606,0.011550655,0.020242479,0.055767009,0.055767009,0.97313768,0.37737031,,,,,,,,,,0.47502312,1.7120151,0.37737031,"{""Sway"":0.20674743660363756,""Heave"":0.21311548214269013,""Roll"":0.2761351027028139,""Pitch"":0.08986847300332194,""Yaw"":0.22793760287486023}","{""Sway"":0.15896017090110728,""Heave"":0.01968059507325694,""Roll"":0.03291602612100948,""Pitch"":0.10723769417504003,""Yaw"":0.03816688415976064}","{""J_wave"":0.055767009268715806,""J_shape"":0.9731376770639644,""env_err"":0.4750231215038837,""fp_err"":0.37737030719076703,""LERD"":0.003995852928715648,""LERM"":0.010836813631710157,""LER_err"":1.7120151379528723,""Tend"":740.9499999999999}",PASS,metrics computed from 04_current_runs/runs/RUN_0001_FD_SURGE_BQIC_SURGE_0612122849_F125_I090/input/qg_r001_center_surge_9d3daf69.out
RUN_0001_FD_ROLL_BQIC_ROLL_0612125455_F080_I100,BQIC_ROLL_0612125455_F080_I100,FD_ROLL,curated,false,31.549199,31.040392,1.6391767,0.027676779,0.02049542,0.043426782,0.043426782,0.9657085,0.2445283,0.19300851,1.1930085,1.1930085,11.95968,14.268,11.97218,16.89,-0.05,,0.1634034,0.18107012,0.2445283,"{""Surge"":0.24229020425425654,""Sway"":0.41810063805938313,""Heave"":0.22760422137919148,""Pitch"":0.14759572409022817,""Yaw"":0.2023364717818719}","{""Surge"":0.13004178340036146,""Sway"":0.2811231135878405,""Heave"":0.032594922860306255,""Pitch"":0.24847735333665472,""Yaw"":0.10705157585119539}","{""J_wave"":0.04342678237703238,""J_shape"":0.9657085040702118,""env_err"":0.16340340051283128,""fp_err"":0.24452830318926524,""LERD"":0.006503664007973453,""LERM"":0.007681283224011371,""LER_err"":0.18107011902739192,""Tend"":519.8}",PASS,metrics computed from 04_current_runs/runs/RUN_0001_FD_ROLL_BQIC_ROLL_0612125455_F080_I100/input/qg_r001_center_roll_38d48f80.out
RUN_0001_FD_ROLL_BQIC_ROLL_0612125455_F090_I100,BQIC_ROLL_0612125455_F090_I100,FD_ROLL,curated,false,31.543425,31.040392,1.6205738,0.02674023,0.02049542,0.043418499,0.043418499,0.93652235,0.24551848,0.19267405,1.1926741,1.1926741,11.95968,14.264,11.97218,16.89,-0.05,,0.18188612,0.030743987,0.24551848,"{""Surge"":0.24034834708123032,""Sway"":0.46687646763627005,""Heave"":0.23685579117490937,""Pitch"":0.15015618866638064,""Yaw"":0.20948037823893564}","{""Surge"":0.13004178340036146,""Sway"":0.2811231135878405,""Heave"":0.032594922860306255,""Pitch"":0.24847735333665472,""Yaw"":0.10705157585119539}","{""J_wave"":0.04341849925363179,""J_shape"":0.9365223472691048,""env_err"":0.181886119477882,""fp_err"":0.2455184834145144,""LERD"":0.006503664007973453,""LERM"":0.006303715446567206,""LER_err"":0.03074398695275639,""Tend"":519.8}",PASS,metrics computed from 04_current_runs/runs/RUN_0001_FD_ROLL_BQIC_ROLL_0612125455_F090_I100/input/qg_r001_center_roll_38d48f80.out
RUN_0001_FD_HEAVE_BQIC_HEAVE_0612134333_F200_I100,BQIC_HEAVE_0612134333_F200_I100,FD_HEAVE,curated,false,20.849231,20.719426,0.62648997,0.0033086936,0.0063011469,0.067528398,0.067528398,0.81631027,0.71074507,0.57626076,1.5762608,1.5762608,-8.2867,-13.062,-8.2962,-8.184,-0.05,,0.64863739,0.83561842,0.71074507,"{""Surge"":0.4142199560629698,""Sway"":0.602487764348755,""Roll"":0.6524822763181639,""Pitch"":0.3472656869916985,""Yaw"":0.3092312219414126}","{""Surge"":0.694133163574395,""Sway"":0.3830351608671329,""Roll"":0.23088104002761986,""Pitch"":0.08142292151490593,""Yaw"":0.09687871817782223}","{""J_wave"":0.06752839757051636,""J_shape"":0.8163102660648887,""env_err"":0.6486373882562267,""fp_err"":0.7107450711772887,""LERD"":0.0029834655567953176,""LERM"":0.0004904267929062484,""LER_err"":0.8356184163784887,""Tend"":399.8}",PASS,metrics computed from 04_current_runs/runs/RUN_0001_FD_HEAVE_BQIC_HEAVE_0612134333_F200_I100/input/qg_r001_center_heave_adcda246.out
RUN_0001_FD_HEAVE_BQIC_HEAVE_0612134333_F400_I100,BQIC_HEAVE_0612134333_F400_I100,FD_HEAVE,curated,false,21,20.719426,1.3541609,0.0041695663,0.0063011469,0.09704414,0.09704414,1.2376196,0.78084282,0.57565738,1.5756574,1.5756574,-8.2867,-13.057,-8.2962,-8.184,-0.05,,0.69302587,0.96923011,0.78084282,"{""Surge"":0.45409199293489194,""Sway"":0.8320553629575874,""Roll"":0.6030740330160042,""Pitch"":0.3702933134800176,""Yaw"":0.5261332251128035}","{""Surge"":0.694133163574395,""Sway"":0.3830351608671329,""Roll"":0.23088104002761986,""Pitch"":0.08142292151490593,""Yaw"":0.09687871817782223}","{""J_wave"":0.097044139752102,""J_shape"":1.237619565794649,""env_err"":0.6930258749448565,""fp_err"":0.7808428215103984,""LERD"":0.0029834655567953176,""LERM"":9.180089210333852e-05,""LER_err"":0.9692301149935358,""Tend"":399.8}",PASS,metrics computed from 04_current_runs/runs/RUN_0001_FD_HEAVE_BQIC_HEAVE_0612134333_F400_I100/input/qg_r001_center_heave_adcda246.out
RUN_0001_FD_SURGE_BQIC_SURGE_0612134700_F100_I100,BQIC_SURGE_0612134700_F100_I100,FD_SURGE,curated,false,89.769704,82.763612,8.4651839,0.0062802682,0.020242479,0.079478437,0.079478437,1.5008384,0.26013097,0.25395185,1.2539518,1.2539518,-23.215405,-29.111,-23.35351,-23.22,-0.05,,0.33056973,0.3864387,0.26013097,"{""Sway"":0.11504746995257989,""Heave"":0.10450040566901878,""Roll"":0.12748796412959473,""Pitch"":0.07135035587990686,""Yaw"":0.10546267066116854}","{""Sway"":0.15896017090110728,""Heave"":0.01968059507325694,""Roll"":0.03291602612100948,""Pitch"":0.10723769417504003,""Yaw"":0.03816688415976064}","{""J_wave"":0.079478437463231,""J_shape"":1.5008383584360312,""env_err"":0.3305697259709207,""fp_err"":0.2601309676102921,""LERD"":0.003995852928715648,""LERM"":0.005540005153779921,""LER_err"":0.38643870347865783,""Tend"":740.9499999999999}",PASS,metrics computed from 04_current_runs/runs/RUN_0001_FD_SURGE_BQIC_SURGE_0612134700_F100_I100/input/qg_r001_center_surge_9d3daf69.out
RUN_0001_FD_HEAVE_BQIC_HEAVE_0612135257_F100_I095,BQIC_HEAVE_0612135257_F100_I095,FD_HEAVE,curated,false,20.869684,20.719426,0.72520623,0.0014965252,0.0063011469,0.035911044,0.035911044,0.25950114,0.59547417,0.52738726,1.5273873,1.5273873,-8.2867,-12.657,-8.2962,-7.775,-0.05,,0.49810556,0.2324664,0.59547417,"{""Surge"":0.47426972989990257,""Sway"":0.4071225456388395,""Roll"":0.6574789810751767,""Pitch"":0.3964933592656773,""Yaw"":0.25013274270120506}","{""Surge"":0.694133163574395,""Sway"":0.3830351608671329,""Roll"":0.23088104002761986,""Pitch"":0.08142292151490593,""Yaw"":0.09687871817782223}","{""J_wave"":0.03591104378651661,""J_shape"":0.25950114249087064,""env_err"":0.4981055635233206,""fp_err"":0.5954741650333333,""LERD"":0.0029834655567953176,""LERM"":0.002289910062798347,""LER_err"":0.23246639882176207,""Tend"":399.8}",PASS,metrics computed from 04_current_runs/runs/RUN_0001_FD_HEAVE_BQIC_HEAVE_0612135257_F100_I095/input/qg_r001_center_heave_adcda246.out
RUN_0001_FD_SWAY_BQIC_SWAY_0612134700_F100_I100,BQIC_SWAY_0612134700_F100_I100,FD_SWAY,curated,false,80.359444,79.430459,1.1695586,0.013550301,0.023182848,0.056636981,0.056636981,1.0418852,0.37399742,0.29636861,1.2963686,1.2963686,-15.1099,-19.588,-15.02749,-15.11,-0.05,,0.35133246,0.7202222,0.37399742,"{""Surge"":0.3724595757370464,""Heave"":0.14913993194922448,""Roll"":0.2620071593138967,""Pitch"":0.16018507792331574,""Yaw"":0.36423199430686654}","{""Surge"":0.09911156186697814,""Heave"":0.018040555839837675,""Roll"":0.11940848210435888,""Pitch"":0.0384504331662194,""Yaw"":0.1166189583607766}","{""J_wave"":0.05663698133382798,""J_shape"":1.041885155414236,""env_err"":0.351332456753641,""fp_err"":0.3739974184552232,""LERD"":0.008732298675839493,""LERM"":0.002443103283039565,""LER_err"":0.7202222033702147,""Tend"":899.8}",PASS,metrics computed from 04_current_runs/runs/RUN_0001_FD_SWAY_BQIC_SWAY_0612134700_F100_I100/input/qg_r001_center_sway_ac064de6.out
RUN_0002_FD_SURGE_HEAVE095_CMP_0612135839,HEAVE095_CMP_0612135839,FD_SURGE,curated,false,82.225,82.763612,0.65078407,0.010871949,0.020242479,0.050632098,0.050632098,0.95288635,0.30223682,0.32811855,0.67188145,0.67188145,-23.215405,-15.598,-23.35351,-13.62,-0.05,,0.41243468,0.12985051,0.30223682,"{""Sway"":0.22588017452773052,""Heave"":0.18582662348282744,""Roll"":0.23963936997632412,""Pitch"":0.0944401418286636,""Yaw"":0.20640734371199632}","{""Sway"":0.15896017090110728,""Heave"":0.01968059507325694,""Roll"":0.03291602612100948,""Pitch"":0.10723769417504003,""Yaw"":0.03816688415976064}","{""J_wave"":0.05063209750784892,""J_shape"":0.9528863462184654,""env_err"":0.4124346762157335,""fp_err"":0.3022368159690829,""LERD"":0.003995852928715648,""LERM"":0.003476989376440771,""LER_err"":0.12985051290204785,""Tend"":740.9499999999999}",PASS,metrics computed from 04_current_runs/runs/RUN_0002_FD_SURGE_HEAVE095_CMP_0612135839/input/qg_r001_center_surge_9d3daf69.out
RUN_0001_FD_HEAVE_BQIC_HEAVE_0612134700_F100_I100,BQIC_HEAVE_0612134700_F100_I100,FD_HEAVE,curated,false,20.863368,20.719426,0.69472378,0.001496328,0.0063011469,0.039048841,0.039048841,0.27042529,0.66372859,0.58905234,1.5890523,1.5890523,-8.2867,-13.168,-8.2962,-8.287,-0.05,,0.52849573,0.37070269,0.66372859,"{""Surge"":0.32025778776961483,""Sway"":0.38878061618824716,""Roll"":0.634531958110863,""Pitch"":0.3316355351844534,""Yaw"":0.313232736139293}","{""Surge"":0.694133163574395,""Sway"":0.3830351608671329,""Roll"":0.23088104002761986,""Pitch"":0.08142292151490593,""Yaw"":0.09687871817782223}","{""J_wave"":0.0390488410492126,""J_shape"":0.2704252870078799,""env_err"":0.5284957305861756,""fp_err"":0.6637285885786376,""LERD"":0.0029834655567953176,""LERM"":0.0018774868500844274,""LER_err"":0.37070268976018433,""Tend"":399.8}",PASS,metrics computed from 04_current_runs/runs/RUN_0001_FD_HEAVE_BQIC_HEAVE_0612134700_F100_I100/input/qg_r001_center_heave_adcda246.out
RUN_0001_FD_SWAY_HEAVE095_CMP_0612135839,HEAVE095_CMP_0612135839,FD_SWAY,curated,false,81.500957,79.430459,2.6066805,0.024371127,0.023182848,0.041654771,0.041654771,0.77661815,0.17945897,0.22123906,0.77876094,0.77876094,-15.1099,-11.767,-15.02749,-10.17,-0.05,,0.32304132,0.35183958,0.17945897,"{""Surge"":0.26816376680217735,""Heave"":0.2168165516260234,""Roll"":0.3505626586509387,""Pitch"":0.14302719078669343,""Yaw"":0.46150748167672534}","{""Surge"":0.09911156186697814,""Heave"":0.018040555839837675,""Roll"":0.11940848210435888,""Pitch"":0.0384504331662194,""Yaw"":0.1166189583607766}","{""J_wave"":0.04165477091706935,""J_shape"":0.7766181475371647,""env_err"":0.32304132168664657,""fp_err"":0.1794589747715785,""LERD"":0.008732298675839493,""LERM"":0.005659930353963606,""LER_err"":0.35183958267214444,""Tend"":899.8}",PASS,metrics computed from 04_current_runs/runs/RUN_0001_FD_SWAY_HEAVE095_CMP_0612135839/input/qg_r001_center_sway_ac064de6.out
RUN_0001_FD_SURGE_BQIC_SURGE_0612141252_F100_I080,BQIC_SURGE_0612141252_F100_I080,FD_SURGE,curated,false,89.05,82.763612,7.5955935,0.008862592,0.020242479,0.057172839,0.057172839,1.2242884,0.029214568,0.019874949,0.98012505,0.98012505,-23.215405,-22.754,-23.35351,-18.57,-0.05,,0.29043853,0.056709541,0.029214568,"{""Sway"":0.10586014577192515,""Heave"":0.13424937597895928,""Roll"":0.16340921172128495,""Pitch"":0.05168982492899907,""Yaw"":0.16227829241250957}","{""Sway"":0.15896017090110728,""Heave"":0.01968059507325694,""Roll"":0.03291602612100948,""Pitch"":0.10723769417504003,""Yaw"":0.03816688415976064}","{""J_wave"":0.05717283885022556,""J_shape"":1.224288432050582,""env_err"":0.29043853462303926,""fp_err"":0.029214568270987555,""LERD"":0.003995852928715648,""LERM"":0.003769249941877824,""LER_err"":0.05670954133706291,""Tend"":740.9499999999999}",PASS,metrics computed from 04_current_runs/runs/RUN_0001_FD_SURGE_BQIC_SURGE_0612141252_F100_I080/input/qg_r001_center_surge_9d3daf69.out
RUN_0001_FD_HEAVE_HEAVE095_CMP_0612135839,HEAVE095_CMP_0612135839,FD_HEAVE,curated,false,20.869684,20.719426,0.72520623,0.0014965252,0.0063011469,0.035911044,0.035911044,0.25950114,0.59547417,0.52738726,1.5273873,1.5273873,-8.2867,-12.657,-8.2962,-7.775,-0.05,,0.49810556,0.2324664,0.59547417,"{""Surge"":0.47426972989990257,""Sway"":0.4071225456388395,""Roll"":0.6574789810751767,""Pitch"":0.3964933592656773,""Yaw"":0.25013274270120506}","{""Surge"":0.694133163574395,""Sway"":0.3830351608671329,""Roll"":0.23088104002761986,""Pitch"":0.08142292151490593,""Yaw"":0.09687871817782223}","{""J_wave"":0.03591104378651661,""J_shape"":0.25950114249087064,""env_err"":0.4981055635233206,""fp_err"":0.5954741650333333,""LERD"":0.0029834655567953176,""LERM"":0.002289910062798347,""LER_err"":0.23246639882176207,""Tend"":399.8}",PASS,metrics computed from 04_current_runs/runs/RUN_0001_FD_HEAVE_HEAVE095_CMP_0612135839/input/qg_r001_center_heave_adcda246.out
RUN_0001_FD_ROLL_HEAVE095_CMP_0612135839,HEAVE095_CMP_0612135839,FD_ROLL,curated,false,31.661805,31.040392,2.0019472,0.025729381,0.02049542,0.046207049,0.046207049,0.96576847,0.24202453,0.19158707,1.1915871,1.1915871,11.95968,14.251,11.97218,16.89,-0.05,,0.21021256,0.011243908,0.24202453,"{""Surge"":0.28216110977035175,""Sway"":0.440265117704339,""Heave"":0.24679785919081573,""Pitch"":0.14651620041689012,""Yaw"":0.2069480994211604}","{""Surge"":0.13004178340036146,""Sway"":0.2811231135878405,""Heave"":0.032594922860306255,""Pitch"":0.24847735333665472,""Yaw"":0.10705157585119539}","{""J_wave"":0.046207048568192306,""J_shape"":0.965768470235973,""env_err"":0.2102125610530241,""fp_err"":0.2420245303005869,""LERD"":0.006503664007973453,""LERM"":0.006576790604705399,""LER_err"":0.011243907533091166,""Tend"":519.8}",PASS,metrics computed from 04_current_runs/runs/RUN_0001_FD_ROLL_HEAVE095_CMP_0612135839/input/qg_r001_center_roll_38d48f80.out
RUN_0001_FD_SWAY_BQIC_SWAY_0612142322_F100_I080,BQIC_SWAY_0612142322_F100_I080,FD_SWAY,curated,false,81.521212,79.430459,2.632181,0.012446109,0.023182848,0.047218733,0.047218733,0.93776528,0.033236198,0.008464649,0.99153535,0.99153535,-15.1099,-14.982,-15.02749,-12.09,-0.05,,0.34505342,0.12131912,0.033236198,"{""Surge"":0.32833120147316724,""Heave"":0.18875196495660068,""Roll"":0.31186938844403067,""Pitch"":0.13997287375283538,""Yaw"":0.4443705543893547}","{""Surge"":0.09911156186697814,""Heave"":0.018040555839837675,""Roll"":0.11940848210435888,""Pitch"":0.0384504331662194,""Yaw"":0.1166189583607766}","{""J_wave"":0.04721873267157613,""J_shape"":0.9377652795929577,""env_err"":0.3450534205279577,""fp_err"":0.03323619827066937,""LERD"":0.008732298675839493,""LERM"":0.009791693503850223,""LER_err"":0.12131912424638669,""Tend"":899.8}",PASS,metrics computed from 04_current_runs/runs/RUN_0001_FD_SWAY_BQIC_SWAY_0612142322_F100_I080/input/qg_r001_center_sway_ac064de6.out
RUN_0001_FD_HEAVE_BQIC_HEAVE_0612143402_F100_I060,BQIC_HEAVE_0612143402_F100_I060,FD_HEAVE,curated,false,20.868056,20.719426,0.71734571,0.0024122298,0.0063011469,0.023805829,0.023805829,0.22404785,0.22845927,0.1900998,1.1900998,1.1900998,-8.2867,-9.862,-8.2962,-4.972,-0.05,,0.37515601,0.068429342,0.22845927,"{""Surge"":0.16084596295277653,""Sway"":0.41316150699410265,""Roll"":0.8173921171570713,""Pitch"":0.42779379022097996,""Yaw"":0.26973557246428004}","{""Surge"":0.694133163574395,""Sway"":0.3830351608671329,""Roll"":0.23088104002761986,""Pitch"":0.08142292151490593,""Yaw"":0.09687871817782223}","{""J_wave"":0.023805828717712633,""J_shape"":0.22404784501206104,""env_err"":0.3751560082425362,""fp_err"":0.22845927190028967,""LERD"":0.0029834655567953176,""LERM"":0.0031876221404749812,""LER_err"":0.06842934158052019,""Tend"":399.8}",PASS,metrics computed from 04_current_runs/runs/RUN_0001_FD_HEAVE_BQIC_HEAVE_0612143402_F100_I060/input/qg_r001_center_heave_adcda246.out
RUN_0001_FD_PITCH_HEAVE095_CMP_0612135839,HEAVE095_CMP_0612135839,FD_PITCH,curated,false,30.507999,30.598882,0.29701453,0.020856658,0.025569995,0.014713236,0.014713236,0.20796211,0.15387015,0.16358382,1.1635838,1.1635838,-9.03115,-10.5085,-9.028615,-9.679,-0.05,,0.1346887,0.5981415,0.15387015,"{""Surge"":0.356209322362823,""Sway"":0.14941950599850495,""Heave"":0.2865059624941527,""Roll"":0.3404670086450939,""Yaw"":0.2909548621409635}","{""Surge"":0.3652553627158409,""Sway"":0.11511580438120428,""Heave"":0.09709203619753709,""Roll"":0.24451383619627762,""Yaw"":0.12733165013806358}","{""J_wave"":0.014713235948848635,""J_shape"":0.2079621100897117,""env_err"":0.13468870392701693,""fp_err"":0.153870153609555,""LERD"":0.013125939777430977,""LERM"":0.020977109108013196,""LER_err"":0.5981415017674916,""Tend"":484.68}",PASS,metrics computed from 04_current_runs/runs/RUN_0001_FD_PITCH_HEAVE095_CMP_0612135839/input/qg_r001_center_pitch_e18abe27.out
RUN_0001_FD_YAW_HEAVE095_CMP_0612135839,HEAVE095_CMP_0612135839,FD_YAW,curated,false,50.313075,50.687273,0.73824889,0.022467835,0.024700713,0.027204702,0.027204702,0.54931518,0.20162353,0.19985461,0.80014539,0.80014539,-18.0201,-14.4187,-17.8903,-14.98,-0.05,,0.27050089,0.75605018,0.20162353,"{""Surge"":0.4118261440940836,""Sway"":0.22851825558166444,""Heave"":0.2009042947880548,""Roll"":0.2632192935878376,""Pitch"":0.07801584716959176}","{""Surge"":0.1667131756781034,""Sway"":0.06151291011602063,""Heave"":0.00833951391833249,""Roll"":0.08748756161027149,""Pitch"":0.06650130575791667}","{""J_wave"":0.02720470227598641,""J_shape"":0.5493151763948386,""env_err"":0.2705008927901316,""fp_err"":0.20162353309357162,""LERD"":0.010254479339074602,""LERM"":0.01800738033653799,""LER_err"":0.7560501846174702,""Tend"":628.0}",PASS,metrics computed from 04_current_runs/runs/RUN_0001_FD_YAW_HEAVE095_CMP_0612135839/input/qg_r001_center_yaw_fe6ed2b1.out
RUN_0001_FD_SURGE_BQIC_SURGE_0612143905_F100_I065,BQIC_SURGE_0612143905_F100_I065,FD_SURGE,curated,false,91.820833,82.763612,10.943482,0.01282465,0.020242479,0.046711877,0.046711877,0.94465277,0.21652556,0.231114,0.768886,0.768886,-23.215405,-17.85,-23.35351,-15.09,-0.05,,0.36719407,0.51386396,0.21652556,"{""Sway"":0.1917248653679542,""Heave"":0.16654036149541832,""Roll"":0.21262052357552888,""Pitch"":0.061065454103196144,""Yaw"":0.229058980745086}","{""Sway"":0.15896017090110728,""Heave"":0.01968059507325694,""Roll"":0.03291602612100948,""Pitch"":0.10723769417504003,""Yaw"":0.03816688415976064}","{""J_wave"":0.04671187678220659,""J_shape"":0.9446527676384381,""env_err"":0.36719406504842117,""fp_err"":0.21652555508046925,""LERD"":0.003995852928715648,""LERM"":0.0019425281156417388,""LER_err"":0.5138639608875423,""Tend"":740.9499999999999}",PASS,metrics computed from 04_current_runs/runs/RUN_0001_FD_SURGE_BQIC_SURGE_0612143905_F100_I065/input/qg_r001_center_surge_9d3daf69.out
RUN_0001_FD_SURGE_HEAVE095_ROLL090_CMP_0612144710,HEAVE095_ROLL090_CMP_0612144710,FD_SURGE,curated,false,82.225,82.763612,0.65078407,0.010871949,0.020242479,0.050632098,0.050632098,0.95288635,0.30223682,0.32811855,0.67188145,0.67188145,-23.215405,-15.598,-23.35351,-13.62,-0.05,,0.41243468,0.12985051,0.30223682,"{""Sway"":0.22588017452773052,""Heave"":0.18582662348282744,""Roll"":0.23963936997632412,""Pitch"":0.0944401418286636,""Yaw"":0.20640734371199632}","{""Sway"":0.15896017090110728,""Heave"":0.01968059507325694,""Roll"":0.03291602612100948,""Pitch"":0.10723769417504003,""Yaw"":0.03816688415976064}","{""J_wave"":0.05063209750784892,""J_shape"":0.9528863462184654,""env_err"":0.4124346762157335,""fp_err"":0.3022368159690829,""LERD"":0.003995852928715648,""LERM"":0.003476989376440771,""LER_err"":0.12985051290204785,""Tend"":740.9499999999999}",PASS,metrics computed from 04_current_runs/runs/RUN_0001_FD_SURGE_HEAVE095_ROLL090_CMP_0612144710/input/qg_r001_center_surge_9d3daf69.out
RUN_0001_FD_SURGE_BQIC_SURGE_0612143905_F100_I070,BQIC_SURGE_0612143905_F100_I070,FD_SURGE,curated,false,88.795,82.763612,7.2874871,0.010804843,0.020242479,0.053593904,0.053593904,1.2131332,0.11676075,0.16288344,0.83711656,0.83711656,-23.215405,-19.434,-23.35351,-16.25,-0.05,,0.29731279,0.2467161,0.11676075,"{""Sway"":0.1638663262228447,""Heave"":0.15112570359503902,""Roll"":0.1933604363909586,""Pitch"":0.061587161272869985,""Yaw"":0.17303699960448068}","{""Sway"":0.15896017090110728,""Heave"":0.01968059507325694,""Roll"":0.03291602612100948,""Pitch"":0.10723769417504003,""Yaw"":0.03816688415976064}","{""J_wave"":0.05359390415095476,""J_shape"":1.213133233434725,""env_err"":0.2973127851629871,""fp_err"":0.11676074617594905,""LERD"":0.003995852928715648,""LERM"":0.004981694170048531,""LER_err"":0.2467160976442026,""Tend"":740.9499999999999}",PASS,metrics computed from 04_current_runs/runs/RUN_0001_FD_SURGE_BQIC_SURGE_0612143905_F100_I070/input/qg_r001_center_surge_9d3daf69.out
RUN_0002_FD_HEAVE_HEAVE095_ROLL090_CMP_0612144710,HEAVE095_ROLL090_CMP_0612144710,FD_HEAVE,curated,false,20.869684,20.719426,0.72520623,0.0014965252,0.0063011469,0.035911044,0.035911044,0.25950114,0.59547417,0.52738726,1.5273873,1.5273873,-8.2867,-12.657,-8.2962,-7.775,-0.05,,0.49810556,0.2324664,0.59547417,"{""Surge"":0.47426972989990257,""Sway"":0.4071225456388395,""Roll"":0.6574789810751767,""Pitch"":0.3964933592656773,""Yaw"":0.25013274270120506}","{""Surge"":0.694133163574395,""Sway"":0.3830351608671329,""Roll"":0.23088104002761986,""Pitch"":0.08142292151490593,""Yaw"":0.09687871817782223}","{""J_wave"":0.03591104378651661,""J_shape"":0.25950114249087064,""env_err"":0.4981055635233206,""fp_err"":0.5954741650333333,""LERD"":0.0029834655567953176,""LERM"":0.002289910062798347,""LER_err"":0.23246639882176207,""Tend"":399.8}",PASS,metrics computed from 04_current_runs/runs/RUN_0002_FD_HEAVE_HEAVE095_ROLL090_CMP_0612144710/input/qg_r001_center_heave_adcda246.out
RUN_0001_FD_SURGE_AMP_SH_06121500,AMP_SH_06121500,FD_SURGE,curated,false,83.833333,82.763612,1.2925015,0.015569877,0.020242479,0.050735985,0.050735985,1.0916513,0.31874783,0.3348813,0.6651187,0.6651187,-23.215405,-15.441,-23.35351,-13.62,-0.05,,0.4143383,0.28996584,0.31874783,"{""Sway"":0.2718854317477552,""Heave"":0.1885627796560318,""Roll"":0.24298699950636557,""Pitch"":0.07106791881466182,""Yaw"":0.1859328815463762}","{""Sway"":0.15896017090110728,""Heave"":0.01968059507325694,""Roll"":0.03291602612100948,""Pitch"":0.10723769417504003,""Yaw"":0.03816688415976064}","{""J_wave"":0.05073598524601136,""J_shape"":1.0916512999121288,""env_err"":0.41433830029092805,""fp_err"":0.31874782571027604,""LERD"":0.003995852928715648,""LERM"":0.005154513766623043,""LER_err"":0.28996583672558074,""Tend"":740.9499999999999}",PASS,metrics computed from 04_current_runs/runs/RUN_0001_FD_SURGE_AMP_SH_06121500/input/qg_r001_center_surge_9d3daf69.out
RUN_0002_FD_ROLL_HEAVE095_ROLL090_CMP_0612144710,HEAVE095_ROLL090_CMP_0612144710,FD_ROLL,curated,false,31.543425,31.040392,1.6205738,0.02674023,0.02049542,0.043418499,0.043418499,0.93652235,0.24551848,0.19267405,1.1926741,1.1926741,11.95968,14.264,11.97218,16.89,-0.05,,0.18188612,0.030743987,0.24551848,"{""Surge"":0.24034834708123032,""Sway"":0.46687646763627005,""Heave"":0.23685579117490937,""Pitch"":0.15015618866638064,""Yaw"":0.20948037823893564}","{""Surge"":0.13004178340036146,""Sway"":0.2811231135878405,""Heave"":0.032594922860306255,""Pitch"":0.24847735333665472,""Yaw"":0.10705157585119539}","{""J_wave"":0.04341849925363179,""J_shape"":0.9365223472691048,""env_err"":0.181886119477882,""fp_err"":0.2455184834145144,""LERD"":0.006503664007973453,""LERM"":0.006303715446567206,""LER_err"":0.03074398695275639,""Tend"":519.8}",PASS,metrics computed from 04_current_runs/runs/RUN_0002_FD_ROLL_HEAVE095_ROLL090_CMP_0612144710/input/qg_r001_center_roll_38d48f80.out
RUN_0001_FD_SWAY_AMP_SH_06121500,AMP_SH_06121500,FD_SWAY,curated,false,81.521212,79.430459,2.632181,0.012446109,0.023182848,0.047218733,0.047218733,0.93776528,0.033236198,0.008464649,0.99153535,0.99153535,-15.1099,-14.982,-15.02749,-12.09,-0.05,,0.34505342,0.12131912,0.033236198,"{""Surge"":0.32833120147316724,""Heave"":0.18875196495660068,""Roll"":0.31186938844403067,""Pitch"":0.13997287375283538,""Yaw"":0.4443705543893547}","{""Surge"":0.09911156186697814,""Heave"":0.018040555839837675,""Roll"":0.11940848210435888,""Pitch"":0.0384504331662194,""Yaw"":0.1166189583607766}","{""J_wave"":0.04721873267157613,""J_shape"":0.9377652795929577,""env_err"":0.3450534205279577,""fp_err"":0.03323619827066937,""LERD"":0.008732298675839493,""LERM"":0.009791693503850223,""LER_err"":0.12131912424638669,""Tend"":899.8}",PASS,metrics computed from 04_current_runs/runs/RUN_0001_FD_SWAY_AMP_SH_06121500/input/qg_r001_center_sway_ac064de6.out
RUN_0002_FD_SWAY_HEAVE095_ROLL090_CMP_0612144710,HEAVE095_ROLL090_CMP_0612144710,FD_SWAY,curated,false,81.500957,79.430459,2.6066805,0.024371127,0.023182848,0.041654771,0.041654771,0.77661815,0.17945897,0.22123906,0.77876094,0.77876094,-15.1099,-11.767,-15.02749,-10.17,-0.05,,0.32304132,0.35183958,0.17945897,"{""Surge"":0.26816376680217735,""Heave"":0.2168165516260234,""Roll"":0.3505626586509387,""Pitch"":0.14302719078669343,""Yaw"":0.46150748167672534}","{""Surge"":0.09911156186697814,""Heave"":0.018040555839837675,""Roll"":0.11940848210435888,""Pitch"":0.0384504331662194,""Yaw"":0.1166189583607766}","{""J_wave"":0.04165477091706935,""J_shape"":0.7766181475371647,""env_err"":0.32304132168664657,""fp_err"":0.1794589747715785,""LERD"":0.008732298675839493,""LERM"":0.005659930353963606,""LER_err"":0.35183958267214444,""Tend"":899.8}",PASS,metrics computed from 04_current_runs/runs/RUN_0002_FD_SWAY_HEAVE095_ROLL090_CMP_0612144710/input/qg_r001_center_sway_ac064de6.out
RUN_0001_FD_HEAVE_AMP_SH_06121500,AMP_SH_06121500,FD_HEAVE,curated,false,20.868056,20.719426,0.71734571,0.0024122298,0.0063011469,0.023805829,0.023805829,0.22404785,0.22845927,0.1900998,1.1900998,1.1900998,-8.2867,-9.862,-8.2962,-4.972,-0.05,,0.37515601,0.068429342,0.22845927,"{""Surge"":0.16084596295277653,""Sway"":0.41316150699410265,""Roll"":0.8173921171570713,""Pitch"":0.42779379022097996,""Yaw"":0.26973557246428004}","{""Surge"":0.694133163574395,""Sway"":0.3830351608671329,""Roll"":0.23088104002761986,""Pitch"":0.08142292151490593,""Yaw"":0.09687871817782223}","{""J_wave"":0.023805828717712633,""J_shape"":0.22404784501206104,""env_err"":0.3751560082425362,""fp_err"":0.22845927190028967,""LERD"":0.0029834655567953176,""LERM"":0.0031876221404749812,""LER_err"":0.06842934158052019,""Tend"":399.8}",PASS,metrics computed from 04_current_runs/runs/RUN_0001_FD_HEAVE_AMP_SH_06121500/input/qg_r001_center_heave_adcda246.out
RUN_0002_FD_PITCH_HEAVE095_ROLL090_CMP_0612144710,HEAVE095_ROLL090_CMP_0612144710,FD_PITCH,curated,false,30.507999,30.598882,0.29701453,0.020856658,0.025569995,0.014713236,0.014713236,0.20796211,0.15387015,0.16358382,1.1635838,1.1635838,-9.03115,-10.5085,-9.028615,-9.679,-0.05,,0.1346887,0.5981415,0.15387015,"{""Surge"":0.356209322362823,""Sway"":0.14941950599850495,""Heave"":0.2865059624941527,""Roll"":0.3404670086450939,""Yaw"":0.2909548621409635}","{""Surge"":0.3652553627158409,""Sway"":0.11511580438120428,""Heave"":0.09709203619753709,""Roll"":0.24451383619627762,""Yaw"":0.12733165013806358}","{""J_wave"":0.014713235948848635,""J_shape"":0.2079621100897117,""env_err"":0.13468870392701693,""fp_err"":0.153870153609555,""LERD"":0.013125939777430977,""LERM"":0.020977109108013196,""LER_err"":0.5981415017674916,""Tend"":484.68}",PASS,metrics computed from 04_current_runs/runs/RUN_0002_FD_PITCH_HEAVE095_ROLL090_CMP_0612144710/input/qg_r001_center_pitch_e18abe27.out
RUN_0001_FD_ROLL_AMP_SH_06121500,AMP_SH_06121500,FD_ROLL,curated,false,31.635404,31.040392,1.9168948,0.026124492,0.02049542,0.045789938,0.045789938,0.94578738,0.24435064,0.19242321,1.1924232,1.1924232,11.95968,14.261,11.97218,16.89,-0.05,,0.21352375,0.051901352,0.24435064,"{""Surge"":0.28615519292114716,""Sway"":0.455524555716769,""Heave"":0.24813677171231147,""Pitch"":0.1494626020959902,""Yaw"":0.2349291106007281}","{""Surge"":0.13004178340036146,""Sway"":0.2811231135878405,""Heave"":0.032594922860306255,""Pitch"":0.24847735333665472,""Yaw"":0.10705157585119539}","{""J_wave"":0.04578993793416175,""J_shape"":0.9457873831332791,""env_err"":0.21352375480610233,""fp_err"":0.24435063717538952,""LERD"":0.006503664007973453,""LERM"":0.006166115053145111,""LER_err"":0.05190135197859367,""Tend"":519.8}",PASS,metrics computed from 04_current_runs/runs/RUN_0001_FD_ROLL_AMP_SH_06121500/input/qg_r001_center_roll_38d48f80.out
RUN_0002_FD_YAW_HEAVE095_ROLL090_CMP_0612144710,HEAVE095_ROLL090_CMP_0612144710,FD_YAW,curated,false,50.313075,50.687273,0.73824889,0.022467835,0.024700713,0.027204702,0.027204702,0.54931518,0.20162353,0.19985461,0.80014539,0.80014539,-18.0201,-14.4187,-17.8903,-14.98,-0.05,,0.27050089,0.75605018,0.20162353,"{""Surge"":0.4118261440940836,""Sway"":0.22851825558166444,""Heave"":0.2009042947880548,""Roll"":0.2632192935878376,""Pitch"":0.07801584716959176}","{""Surge"":0.1667131756781034,""Sway"":0.06151291011602063,""Heave"":0.00833951391833249,""Roll"":0.08748756161027149,""Pitch"":0.06650130575791667}","{""J_wave"":0.02720470227598641,""J_shape"":0.5493151763948386,""env_err"":0.2705008927901316,""fp_err"":0.20162353309357162,""LERD"":0.010254479339074602,""LERM"":0.01800738033653799,""LER_err"":0.7560501846174702,""Tend"":628.0}",PASS,metrics computed from 04_current_runs/runs/RUN_0002_FD_YAW_HEAVE095_ROLL090_CMP_0612144710/input/qg_r001_center_yaw_fe6ed2b1.out
RUN_0001_FD_PITCH_AMP_SH_06121500,AMP_SH_06121500,FD_PITCH,curated,false,30.73641,30.598882,0.44945173,0.020101855,0.025569995,0.014083946,0.014083946,0.16482007,0.15431191,0.16161286,1.1616129,1.1616129,-9.03115,-10.4907,-9.028615,-9.679,-0.05,,0.13842681,0.85497007,0.15431191,"{""Surge"":0.46349418380491014,""Sway"":0.1427956476570348,""Heave"":0.2849441453767441,""Roll"":0.34124582835613526,""Yaw"":0.22108797343740516}","{""Surge"":0.3652553627158409,""Sway"":0.11511580438120428,""Heave"":0.09709203619753709,""Roll"":0.24451383619627762,""Yaw"":0.12733165013806358}","{""J_wave"":0.014083945710940987,""J_shape"":0.16482007279838723,""env_err"":0.13842681169967985,""fp_err"":0.1543119086633251,""LERD"":0.013125939777430977,""LERM"":0.024348225402297658,""LER_err"":0.8549700680603853,""Tend"":484.68}",PASS,metrics computed from 04_current_runs/runs/RUN_0001_FD_PITCH_AMP_SH_06121500/input/qg_r001_center_pitch_e18abe27.out
RUN_0001_FD_YAW_AMP_SH_06121500,AMP_SH_06121500,FD_YAW,curated,false,50.61569,50.687273,0.14122605,0.022255492,0.024700713,0.022453911,0.022453911,0.26005202,0.21327143,0.20745168,0.79254832,0.79254832,-18.0201,-14.2818,-17.8903,-14.98,-0.05,,0.27660583,0.48694059,0.21327143,"{""Surge"":0.5002748072497905,""Sway"":0.2447262012450266,""Heave"":0.2071157505082797,""Roll"":0.2695248577916848,""Pitch"":0.06440954778236992}","{""Surge"":0.1667131756781034,""Sway"":0.06151291011602063,""Heave"":0.00833951391833249,""Roll"":0.08748756161027149,""Pitch"":0.06650130575791667}","{""J_wave"":0.022453910756932045,""J_shape"":0.26005201730414423,""env_err"":0.276605829898103,""fp_err"":0.2132714256005086,""LERD"":0.010254479339074602,""LERM"":0.005261157126020715,""LER_err"":0.4869405893702352,""Tend"":628.0}",PASS,metrics computed from 04_current_runs/runs/RUN_0001_FD_YAW_AMP_SH_06121500/input/qg_r001_center_yaw_fe6ed2b1.out
RUN_0002_FD_SURGE_HEAVE095_ROLL090_CMP_0612144710,HEAVE095_ROLL090_CMP_0612144710,FD_SURGE,curated,false,82.225,82.763612,0.65078407,0.010871949,0.020242479,0.050632098,0.050632098,0.95288635,0.30223682,0.32811855,0.67188145,0.67188145,-23.215405,-15.598,-23.35351,-13.62,-0.05,,0.41243468,0.12985051,0.30223682,"{""Sway"":0.22588017452773052,""Heave"":0.18582662348282744,""Roll"":0.23963936997632412,""Pitch"":0.0944401418286636,""Yaw"":0.20640734371199632}","{""Sway"":0.15896017090110728,""Heave"":0.01968059507325694,""Roll"":0.03291602612100948,""Pitch"":0.10723769417504003,""Yaw"":0.03816688415976064}","{""J_wave"":0.05063209750784892,""J_shape"":0.9528863462184654,""env_err"":0.4124346762157335,""fp_err"":0.3022368159690829,""LERD"":0.003995852928715648,""LERM"":0.003476989376440771,""LER_err"":0.12985051290204785,""Tend"":740.9499999999999}",PASS,metrics computed from 04_current_runs/runs/RUN_0002_FD_SURGE_HEAVE095_ROLL090_CMP_0612144710/input/qg_r001_center_surge_9d3daf69.out
RUN_0001_FD_YAW_BQIC_YAW_0612154529_F100_I084,BQIC_YAW_0612154529_F100_I084,FD_YAW,curated,false,50.109617,50.687273,1.1396468,0.021018588,0.024700713,0.024368609,0.024368609,0.40709754,0.18320689,0.19034856,0.80965144,0.80965144,-18.0201,-14.59,-17.8903,-15.14,-0.05,,0.25406262,1.5195051,0.18320689,"{""Surge"":0.4811270687063301,""Sway"":0.16791963582763608,""Heave"":0.1963749984823769,""Roll"":0.2508657524147329,""Pitch"":0.09630232197735512}","{""Surge"":0.1667131756781034,""Sway"":0.06151291011602063,""Heave"":0.00833951391833249,""Roll"":0.08748756161027149,""Pitch"":0.06650130575791667}","{""J_wave"":0.024368609393510765,""J_shape"":0.407097535320232,""env_err"":0.2540626249767134,""fp_err"":0.18320689007725435,""LERD"":0.010254479339074602,""LERM"":0.02583621276818568,""LER_err"":1.5195050781112815,""Tend"":628.0}",PASS,metrics computed from 04_current_runs/runs/RUN_0001_FD_YAW_BQIC_YAW_0612154529_F100_I084/input/qg_r001_center_yaw_fe6ed2b1.out
,FORMALBASE_SURGEONLY_BQ080_DOFIC_T600_0706,FD_ROLL,curated,false,,,,,,,,,,,,,,,,,,,,,,{},{},{},SKIPPED,no matching run found
RUN_0002_FD_SURGE_SURGE_IC70_EA15,SURGE_IC70_EA15,FD_SURGE,curated,false,65.936166,82.763612,20.331939,0.012105472,0.020242479,0.056535485,0.056535485,1.3407065,0.21347527,0.18416241,0.81583759,0.81583759,-23.215405,-18.94,-23.35351,-16.25,-0.05,,0.35946466,0.095613913,0.21347527,"{""Sway"":0.19361243195416036,""Heave"":0.165086182056478,""Roll"":0.19940786981358163,""Pitch"":0.08271586250846379,""Yaw"":0.14538869780990504}","{""Sway"":0.15896017090110728,""Heave"":0.01968059507325694,""Roll"":0.03291602612100948,""Pitch"":0.10723769417504003,""Yaw"":0.03816688415976064}","{""J_wave"":0.05653548480839888,""J_shape"":1.3407064877140369,""env_err"":0.35946465627662577,""fp_err"":0.21347526584769996,""LERD"":0.003995852928715648,""LERM"":0.0036137937931839128,""LER_err"":0.09561391331150348,""Tend"":740.9499999999999}",PASS,metrics computed from 04_current_runs/runs/RUN_0002_FD_SURGE_SURGE_IC70_EA15/input/qg_r001_center_surge_9d3daf69.out
RUN_0001_FD_SURGE_HEAVE060_ROLL090_CMP_06171530,HEAVE060_ROLL090_CMP_06171530,FD_SURGE,curated,false,82.225,82.763612,0.65078407,0.010871949,0.020242479,0.050632098,0.050632098,0.95288635,0.30223682,0.32811855,0.67188145,0.67188145,-23.215405,-15.598,-23.35351,-13.62,-0.05,,0.41243468,0.12985051,0.30223682,"{""Sway"":0.22588017452773052,""Heave"":0.18582662348282744,""Roll"":0.23963936997632412,""Pitch"":0.0944401418286636,""Yaw"":0.20640734371199632}","{""Sway"":0.15896017090110728,""Heave"":0.01968059507325694,""Roll"":0.03291602612100948,""Pitch"":0.10723769417504003,""Yaw"":0.03816688415976064}","{""J_wave"":0.05063209750784892,""J_shape"":0.9528863462184654,""env_err"":0.4124346762157335,""fp_err"":0.3022368159690829,""LERD"":0.003995852928715648,""LERM"":0.003476989376440771,""LER_err"":0.12985051290204785,""Tend"":740.9499999999999}",PASS,metrics computed from 04_current_runs/runs/RUN_0001_FD_SURGE_HEAVE060_ROLL090_CMP_06171530/input/qg_r001_center_surge_9d3daf69.out
RUN_0002_FD_SURGE_SURGE_IC70_EA20,SURGE_IC70_EA20,FD_SURGE,curated,false,72.116667,82.763612,12.864284,0.017220267,0.020242479,0.080094172,0.080094172,1.4691818,0.27674836,0.2299079,0.7700921,0.7700921,-23.215405,-17.878,-23.35351,-16.25,-0.05,,0.38749652,3.7003993,0.27674836,"{""Sway"":0.29917297842713575,""Heave"":0.1592719218597398,""Roll"":0.20596876216857155,""Pitch"":0.12492787217946735,""Yaw"":0.2217227815225248}","{""Sway"":0.15896017090110728,""Heave"":0.01968059507325694,""Roll"":0.03291602612100948,""Pitch"":0.10723769417504003,""Yaw"":0.03816688415976064}","{""J_wave"":0.080094172440203,""J_shape"":1.4691817998343613,""env_err"":0.3874965161300824,""fp_err"":0.27674835701313905,""LERD"":0.003995852928715648,""LERM"":0.018782104124995366,""LER_err"":3.7003992539415944,""Tend"":740.9499999999999}",PASS,metrics computed from 04_current_runs/runs/RUN_0002_FD_SURGE_SURGE_IC70_EA20/input/qg_r001_center_surge_9d3daf69.out
RUN_0001_FD_SWAY_HEAVE060_ROLL090_CMP_06171530,HEAVE060_ROLL090_CMP_06171530,FD_SWAY,curated,false,81.500957,79.430459,2.6066805,0.024371127,0.023182848,0.041654771,0.041654771,0.77661815,0.17945897,0.22123906,0.77876094,0.77876094,-15.1099,-11.767,-15.02749,-10.17,-0.05,,0.32304132,0.35183958,0.17945897,"{""Surge"":0.26816376680217735,""Heave"":0.2168165516260234,""Roll"":0.3505626586509387,""Pitch"":0.14302719078669343,""Yaw"":0.46150748167672534}","{""Surge"":0.09911156186697814,""Heave"":0.018040555839837675,""Roll"":0.11940848210435888,""Pitch"":0.0384504331662194,""Yaw"":0.1166189583607766}","{""J_wave"":0.04165477091706935,""J_shape"":0.7766181475371647,""env_err"":0.32304132168664657,""fp_err"":0.1794589747715785,""LERD"":0.008732298675839493,""LERM"":0.005659930353963606,""LER_err"":0.35183958267214444,""Tend"":899.8}",PASS,metrics computed from 04_current_runs/runs/RUN_0001_FD_SWAY_HEAVE060_ROLL090_CMP_06171530/input/qg_r001_center_sway_ac064de6.out
RUN_0001_FD_HEAVE_HEAVE060_ROLL090_CMP_06171530,HEAVE060_ROLL090_CMP_06171530,FD_HEAVE,curated,false,20.868056,20.719426,0.71734571,0.0024573911,0.0063011469,0.023671926,0.023671926,0.22133542,0.22043396,0.18261793,1.1826179,1.1826179,-8.2867,-9.8,-8.2962,-4.91,-0.05,,0.37354489,0.085372238,0.22043396,"{""Surge"":0.17343005788630408,""Sway"":0.41587966717671276,""Roll"":0.8214925843733145,""Pitch"":0.4265906634904714,""Yaw"":0.25691945208983785}","{""Surge"":0.694133163574395,""Sway"":0.3830351608671329,""Roll"":0.23088104002761986,""Pitch"":0.08142292151490593,""Yaw"":0.09687871817782223}","{""J_wave"":0.023671926312202038,""J_shape"":0.22133541525600336,""env_err"":0.3735448908557715,""fp_err"":0.22043395800940668,""LERD"":0.0029834655567953176,""LERM"":0.003238170688349102,""LER_err"":0.08537223799136978,""Tend"":399.8}",PASS,metrics computed from 04_current_runs/runs/RUN_0001_FD_HEAVE_HEAVE060_ROLL090_CMP_06171530/input/qg_r001_center_heave_adcda246.out
RUN_0002_FD_SURGE_SURGE_IC70_EA30,SURGE_IC70_EA30,FD_SURGE,curated,false,56.075962,82.763612,32.245633,0.014536384,0.020242479,0.25953603,0.25953603,1.8400385,0.37142031,0.50519924,0.49480076,-0.49480076,-23.215405,11.487,-23.35351,-16.25,16.4,,1.0593621,28.970007,0.37142031,"{""Sway"":0.14958989132905037,""Heave"":0.04848541984122568,""Roll"":0.07865568413917032,""Pitch"":0.14873162942374277,""Yaw"":0.1634546947845911}","{""Sway"":0.15896017090110728,""Heave"":0.01968059507325694,""Roll"":0.03291602612100948,""Pitch"":0.10723769417504003,""Yaw"":0.03816688415976064}","{""J_wave"":0.2595360276919605,""J_shape"":1.8400385293602344,""env_err"":1.0593621104547408,""fp_err"":0.3714203101719553,""LERD"":0.003995852928715648,""LERM"":0.11975573963055959,""LER_err"":28.970006846335963,""Tend"":740.9499999999999}",PASS,metrics computed from 04_current_runs/runs/RUN_0002_FD_SURGE_SURGE_IC70_EA30/input/qg_r001_center_surge_9d3daf69.out
RUN_0001_FD_ROLL_HEAVE060_ROLL090_CMP_06171530,HEAVE060_ROLL090_CMP_06171530,FD_ROLL,curated,false,31.543425,31.040392,1.6205738,0.02674023,0.02049542,0.043418499,0.043418499,0.93652235,0.24551848,0.19267405,1.1926741,1.1926741,11.95968,14.264,11.97218,16.89,-0.05,,0.18188612,0.030743987,0.24551848,"{""Surge"":0.24034834708123032,""Sway"":0.46687646763627005,""Heave"":0.23685579117490937,""Pitch"":0.15015618866638064,""Yaw"":0.20948037823893564}","{""Surge"":0.13004178340036146,""Sway"":0.2811231135878405,""Heave"":0.032594922860306255,""Pitch"":0.24847735333665472,""Yaw"":0.10705157585119539}","{""J_wave"":0.04341849925363179,""J_shape"":0.9365223472691048,""env_err"":0.181886119477882,""fp_err"":0.2455184834145144,""LERD"":0.006503664007973453,""LERM"":0.006303715446567206,""LER_err"":0.03074398695275639,""Tend"":519.8}",PASS,metrics computed from 04_current_runs/runs/RUN_0001_FD_ROLL_HEAVE060_ROLL090_CMP_06171530/input/qg_r001_center_roll_38d48f80.out
RUN_0001_FD_PITCH_HEAVE060_ROLL090_CMP_06171530,HEAVE060_ROLL090_CMP_06171530,FD_PITCH,curated,false,30.507999,30.598882,0.29701453,0.020856658,0.025569995,0.014713236,0.014713236,0.20796211,0.15387015,0.16358382,1.1635838,1.1635838,-9.03115,-10.5085,-9.028615,-9.679,-0.05,,0.1346887,0.5981415,0.15387015,"{""Surge"":0.356209322362823,""Sway"":0.14941950599850495,""Heave"":0.2865059624941527,""Roll"":0.3404670086450939,""Yaw"":0.2909548621409635}","{""Surge"":0.3652553627158409,""Sway"":0.11511580438120428,""Heave"":0.09709203619753709,""Roll"":0.24451383619627762,""Yaw"":0.12733165013806358}","{""J_wave"":0.014713235948848635,""J_shape"":0.2079621100897117,""env_err"":0.13468870392701693,""fp_err"":0.153870153609555,""LERD"":0.013125939777430977,""LERM"":0.020977109108013196,""LER_err"":0.5981415017674916,""Tend"":484.68}",PASS,metrics computed from 04_current_runs/runs/RUN_0001_FD_PITCH_HEAVE060_ROLL090_CMP_06171530/input/qg_r001_center_pitch_e18abe27.out
RUN_0001_FD_SURGE_SURGE_IC70_EA110,SURGE_IC70_EA110,FD_SURGE,curated,false,87.014286,82.763612,5.1359205,0.019966488,0.020242479,0.051398002,0.051398002,1.3358849,0.15966944,0.16895699,0.83104301,0.83104301,-23.215405,-19.293,-23.35351,-16.25,-0.05,,0.33753259,5.6326527,0.15966944,"{""Sway"":0.1973759207040792,""Heave"":0.1523622372667175,""Roll"":0.18161982600937732,""Pitch"":0.061039300192582684,""Yaw"":0.1614703079825618}","{""Sway"":0.15896017090110728,""Heave"":0.01968059507325694,""Roll"":0.03291602612100948,""Pitch"":0.10723769417504003,""Yaw"":0.03816688415976064}","{""J_wave"":0.051398001964848464,""J_shape"":1.3358848899409415,""env_err"":0.3375325882483319,""fp_err"":0.1596694356170956,""LERD"":0.003995852928715648,""LERM"":0.026503104699740224,""LER_err"":5.632652695818534,""Tend"":740.9499999999999}",PASS,metrics computed from 04_current_runs/runs/RUN_0001_FD_SURGE_SURGE_IC70_EA110/input/qg_r001_center_surge_9d3daf69.out
RUN_0001_FD_YAW_HEAVE060_ROLL090_CMP_06171530,HEAVE060_ROLL090_CMP_06171530,FD_YAW,curated,false,50.313075,50.687273,0.73824889,0.022467835,0.024700713,0.027204702,0.027204702,0.54931518,0.20162353,0.19985461,0.80014539,0.80014539,-18.0201,-14.4187,-17.8903,-14.98,-0.05,,0.27050089,0.75605018,0.20162353,"{""Surge"":0.4118261440940836,""Sway"":0.22851825558166444,""Heave"":0.2009042947880548,""Roll"":0.2632192935878376,""Pitch"":0.07801584716959176}","{""Surge"":0.1667131756781034,""Sway"":0.06151291011602063,""Heave"":0.00833951391833249,""Roll"":0.08748756161027149,""Pitch"":0.06650130575791667}","{""J_wave"":0.02720470227598641,""J_shape"":0.5493151763948386,""env_err"":0.2705008927901316,""fp_err"":0.20162353309357162,""LERD"":0.010254479339074602,""LERM"":0.01800738033653799,""LER_err"":0.7560501846174702,""Tend"":628.0}",PASS,metrics computed from 04_current_runs/runs/RUN_0001_FD_YAW_HEAVE060_ROLL090_CMP_06171530/input/qg_r001_center_yaw_fe6ed2b1.out
RUN_0001_FD_SURGE_SURGE_IC70_EA120,SURGE_IC70_EA120,FD_SURGE,curated,false,79.5,82.763612,3.9432938,0.015961524,0.020242479,0.027303186,0.027303186,0.52669559,0.15139307,0.16016972,0.83983028,0.83983028,-23.215405,-19.497,-23.35351,-16.25,-0.05,,0.30860948,5.3413439,0.15139307,"{""Sway"":0.1624530982366771,""Heave"":0.15521911489568327,""Roll"":0.18980163592744476,""Pitch"":0.0720362872758558,""Yaw"":0.13774127020640056}","{""Sway"":0.15896017090110728,""Heave"":0.01968059507325694,""Roll"":0.03291602612100948,""Pitch"":0.10723769417504003,""Yaw"":0.03816688415976064}","{""J_wave"":0.02730318610130483,""J_shape"":0.5266955906215105,""env_err"":0.30860948115042697,""fp_err"":0.15139307071930716,""LERD"":0.003995852928715648,""LERM"":0.02533907769560122,""LER_err"":5.34134392522443,""Tend"":740.9499999999999}",PASS,metrics computed from 04_current_runs/runs/RUN_0001_FD_SURGE_SURGE_IC70_EA120/input/qg_r001_center_surge_9d3daf69.out
RUN_0001_FD_SWAY_BQIC_SWAY_0617133851_F100_I070,BQIC_SWAY_0617133851_F100_I070,FD_SWAY,curated,false,81.621658,79.430459,2.7586383,0.01872842,0.023182848,0.060184412,0.060184412,0.71984051,0.49079687,0.49376237,0.50623763,0.50623763,-15.1099,-7.6492,-15.02749,-7.119,-0.05,,0.5418984,0.78869259,0.49079687,"{""Surge"":0.2309735095199779,""Heave"":0.3381102412292639,""Roll"":0.50632431208742,""Pitch"":0.2357192902598376,""Yaw"":0.6834498856196183}","{""Surge"":0.09911156186697814,""Heave"":0.018040555839837675,""Roll"":0.11940848210435888,""Pitch"":0.0384504331662194,""Yaw"":0.1166189583607766}","{""J_wave"":0.06018441162525918,""J_shape"":0.719840512224944,""env_err"":0.5418984049150832,""fp_err"":0.49079686646312537,""LERD"":0.008732298675839493,""LERM"":0.01561939791892546,""LER_err"":0.7886925881430487,""Tend"":899.8}",PASS,metrics computed from 04_current_runs/runs/RUN_0001_FD_SWAY_BQIC_SWAY_0617133851_F100_I070/input/qg_r001_center_sway_ac064de6.out
RUN_0001_FD_SURGE_SURGE_IC70_EA130,SURGE_IC70_EA130,FD_SURGE,curated,false,77.075,82.763612,6.8733254,0.014242507,0.020242479,0.042314449,0.042314449,1.0434405,0.18866756,0.18187945,0.81812055,0.81812055,-23.215405,-18.993,-23.35351,-16.25,-0.05,,0.38186719,4.2808497,0.18866756,"{""Sway"":0.2698982057801949,""Heave"":0.160081262054603,""Roll"":0.2018083276622423,""Pitch"":0.0612252101435444,""Yaw"":0.14842387982405283}","{""Sway"":0.15896017090110728,""Heave"":0.01968059507325694,""Roll"":0.03291602612100948,""Pitch"":0.10723769417504003,""Yaw"":0.03816688415976064}","{""J_wave"":0.04231444886414125,""J_shape"":1.043440546100154,""env_err"":0.3818671937788605,""fp_err"":0.1886675595661603,""LERD"":0.003995852928715648,""LERM"":0.02110149864352974,""LER_err"":4.280849675894405,""Tend"":740.9499999999999}",PASS,metrics computed from 04_current_runs/runs/RUN_0001_FD_SURGE_SURGE_IC70_EA130/input/qg_r001_center_surge_9d3daf69.out
RUN_0001_FD_SWAY_BQIC_SWAY_0617133851_F100_I075,BQIC_SWAY_0617133851_F100_I075,FD_SWAY,curated,false,82.136667,79.430459,3.4070154,0.027825002,0.023182848,0.052339899,0.052339899,0.58691197,0.48348268,0.46336508,0.53663492,0.53663492,-15.1099,-8.1085,-15.02749,-7.627,-0.05,,0.46794201,0.28876615,0.48348268,"{""Surge"":0.2629703133387959,""Heave"":0.2994137121942356,""Roll"":0.4522192261162584,""Pitch"":0.221529969687336,""Yaw"":0.5881859547636361}","{""Surge"":0.09911156186697814,""Heave"":0.018040555839837675,""Roll"":0.11940848210435888,""Pitch"":0.0384504331662194,""Yaw"":0.1166189583607766}","{""J_wave"":0.052339898687149784,""J_shape"":0.5869119658910917,""env_err"":0.467942008948193,""fp_err"":0.4834826776085559,""LERD"":0.008732298675839493,""LERM"":0.006210706368094423,""LER_err"":0.2887661544058046,""Tend"":899.8}",PASS,metrics computed from 04_current_runs/runs/RUN_0001_FD_SWAY_BQIC_SWAY_0617133851_F100_I075/input/qg_r001_center_sway_ac064de6.out
RUN_0001_FD_SURGE_SURGE_IC70_EA118,SURGE_IC70_EA118,FD_SURGE,curated,false,81.233333,82.763612,1.8489757,0.015076567,0.020242479,0.030248578,0.030248578,0.59001754,0.13034279,0.17546129,0.82453871,0.82453871,-23.215405,-19.142,-23.35351,-16.25,-0.05,,0.32766471,0.63369893,0.13034279,"{""Sway"":0.2489015869034002,""Heave"":0.15672441515496077,""Roll"":0.18951524636317846,""Pitch"":0.06223256604489145,""Yaw"":0.12811757058226744}","{""Sway"":0.15896017090110728,""Heave"":0.01968059507325694,""Roll"":0.03291602612100948,""Pitch"":0.10723769417504003,""Yaw"":0.03816688415976064}","{""J_wave"":0.03024857808842873,""J_shape"":0.5900175409793172,""env_err"":0.32766471022847815,""fp_err"":0.13034278694332171,""LERD"":0.003995852928715648,""LERM"":0.006528020645299744,""LER_err"":0.6336989278026277,""Tend"":740.9499999999999}",PASS,metrics computed from 04_current_runs/runs/RUN_0001_FD_SURGE_SURGE_IC70_EA118/input/qg_r001_center_surge_9d3daf69.out
RUN_0001_FD_SWAY_BQIC_SWAY_0617133851_F100_I078,BQIC_SWAY_0617133851_F100_I078,FD_SWAY,curated,false,80.318101,79.430459,1.1175083,0.0225027,0.023182848,0.050419494,0.050419494,0.56971214,0.42518997,0.42562823,0.57437177,0.57437177,-15.1099,-8.6787,-15.02749,-7.932,-0.05,,0.45015849,2.8767709,0.42518997,"{""Surge"":0.27199282663868934,""Heave"":0.2830127410024894,""Roll"":0.4356202443174561,""Pitch"":0.19904890686172427,""Yaw"":0.6472527924947818}","{""Surge"":0.09911156186697814,""Heave"":0.018040555839837675,""Roll"":0.11940848210435888,""Pitch"":0.0384504331662194,""Yaw"":0.1166189583607766}","{""J_wave"":0.05041949410531142,""J_shape"":0.5697121437082686,""env_err"":0.45015848737856184,""fp_err"":0.4251899684532994,""LERD"":0.008732298675839493,""LERM"":0.03385312138238598,""LER_err"":2.8767708983718943,""Tend"":899.8}",PASS,metrics computed from 04_current_runs/runs/RUN_0001_FD_SWAY_BQIC_SWAY_0617133851_F100_I078/input/qg_r001_center_sway_ac064de6.out
RUN_0001_FD_SURGE_AMP_SH_SY_06172058,AMP_SH_SY_06172058,FD_SURGE,curated,false,81.233333,82.763612,1.8489757,0.015076567,0.020242479,0.030248578,0.030248578,0.59001754,0.13034279,0.17546129,0.82453871,0.82453871,-23.215405,-19.142,-23.35351,-16.25,-0.05,,0.32766471,0.63369893,0.13034279,"{""Sway"":0.2489015869034002,""Heave"":0.15672441515496077,""Roll"":0.18951524636317846,""Pitch"":0.06223256604489145,""Yaw"":0.12811757058226744}","{""Sway"":0.15896017090110728,""Heave"":0.01968059507325694,""Roll"":0.03291602612100948,""Pitch"":0.10723769417504003,""Yaw"":0.03816688415976064}","{""J_wave"":0.03024857808842873,""J_shape"":0.5900175409793172,""env_err"":0.32766471022847815,""fp_err"":0.13034278694332171,""LERD"":0.003995852928715648,""LERM"":0.006528020645299744,""LER_err"":0.6336989278026277,""Tend"":740.9499999999999}",PASS,metrics computed from 04_current_runs/runs/RUN_0001_FD_SURGE_AMP_SH_SY_06172058/input/qg_r001_center_surge_9d3daf69.out
RUN_0001_FD_SWAY_BQIC_SWAY_0617133851_F100_I082,BQIC_SWAY_0617133851_F100_I082,FD_SWAY,curated,false,81.874095,79.430459,3.0764475,0.022963388,0.023182848,0.051997642,0.051997642,0.79378981,0.37039287,0.40581341,0.59418659,0.59418659,-15.1099,-8.9781,-15.02749,-8.339,-0.05,,0.45703015,2.1604905,0.37039287,"{""Surge"":0.2864513130493877,""Heave"":0.28458011085798385,""Roll"":0.43487657973175836,""Pitch"":0.21495392526931162,""Yaw"":0.6169883651735842}","{""Surge"":0.09911156186697814,""Heave"":0.018040555839837675,""Roll"":0.11940848210435888,""Pitch"":0.0384504331662194,""Yaw"":0.1166189583607766}","{""J_wave"":0.05199764207855519,""J_shape"":0.7937898145969818,""env_err"":0.4570301479388161,""fp_err"":0.3703928718983882,""LERD"":0.008732298675839493,""LERM"":0.027598347004557076,""LER_err"":2.16049049958817,""Tend"":899.8}",PASS,metrics computed from 04_current_runs/runs/RUN_0001_FD_SWAY_BQIC_SWAY_0617133851_F100_I082/input/qg_r001_center_sway_ac064de6.out
RUN_0001_FD_SWAY_AMP_SH_SY_06172058,AMP_SH_SY_06172058,FD_SWAY,curated,false,81.521212,79.430459,2.632181,0.012446109,0.023182848,0.047218733,0.047218733,0.93776528,0.033236198,0.008464649,0.99153535,0.99153535,-15.1099,-14.982,-15.02749,-12.09,-0.05,,0.34505342,0.12131912,0.033236198,"{""Surge"":0.32833120147316724,""Heave"":0.18875196495660068,""Roll"":0.31186938844403067,""Pitch"":0.13997287375283538,""Yaw"":0.4443705543893547}","{""Surge"":0.09911156186697814,""Heave"":0.018040555839837675,""Roll"":0.11940848210435888,""Pitch"":0.0384504331662194,""Yaw"":0.1166189583607766}","{""J_wave"":0.04721873267157613,""J_shape"":0.9377652795929577,""env_err"":0.3450534205279577,""fp_err"":0.03323619827066937,""LERD"":0.008732298675839493,""LERM"":0.009791693503850223,""LER_err"":0.12131912424638669,""Tend"":899.8}",PASS,metrics computed from 04_current_runs/runs/RUN_0001_FD_SWAY_AMP_SH_SY_06172058/input/qg_r001_center_sway_ac064de6.out
RUN_0001_FD_HEAVE_AMP_SH_SY_06172058,AMP_SH_SY_06172058,FD_HEAVE,curated,false,20.868056,20.719426,0.71734571,0.0024122298,0.0063011469,0.023805829,0.023805829,0.22404785,0.22845927,0.1900998,1.1900998,1.1900998,-8.2867,-9.862,-8.2962,-4.972,-0.05,,0.37515601,0.068429342,0.22845927,"{""Surge"":0.16084596295277653,""Sway"":0.41316150699410265,""Roll"":0.8173921171570713,""Pitch"":0.42779379022097996,""Yaw"":0.26973557246428004}","{""Surge"":0.694133163574395,""Sway"":0.3830351608671329,""Roll"":0.23088104002761986,""Pitch"":0.08142292151490593,""Yaw"":0.09687871817782223}","{""J_wave"":0.023805828717712633,""J_shape"":0.22404784501206104,""env_err"":0.3751560082425362,""fp_err"":0.22845927190028967,""LERD"":0.0029834655567953176,""LERM"":0.0031876221404749812,""LER_err"":0.06842934158052019,""Tend"":399.8}",PASS,metrics computed from 04_current_runs/runs/RUN_0001_FD_HEAVE_AMP_SH_SY_06172058/input/qg_r001_center_heave_adcda246.out
RUN_0001_FD_SWAY_BQIC_SWAY_0617142124_F100_I076,BQIC_SWAY_0617142124_F100_I076,FD_SWAY,curated,false,77.606838,79.430459,2.2958713,0.021908743,0.023182848,0.033658921,0.033658921,0.58623007,0.066126301,0.092118412,0.90788159,0.90788159,-15.1099,-13.718,-15.02749,-11.48,-0.05,,0.28441605,0.73593273,0.066126301,"{""Surge"":0.2749980432277335,""Heave"":0.19634165078940377,""Roll"":0.3261092349815908,""Pitch"":0.1406273981135875,""Yaw"":0.45857139589715196}","{""Surge"":0.09911156186697814,""Heave"":0.018040555839837675,""Roll"":0.11940848210435888,""Pitch"":0.0384504331662194,""Yaw"":0.1166189583607766}","{""J_wave"":0.03365892130986062,""J_shape"":0.5862300681653849,""env_err"":0.28441604626270883,""fp_err"":0.06612630106538947,""LERD"":0.008732298675839493,""LERM"":0.002305914241013805,""LER_err"":0.735932733566042,""Tend"":899.8}",PASS,metrics computed from 04_current_runs/runs/RUN_0001_FD_SWAY_BQIC_SWAY_0617142124_F100_I076/input/qg_r001_center_sway_ac064de6.out
RUN_0001_FD_ROLL_AMP_SH_SY_06172058,AMP_SH_SY_06172058,FD_ROLL,curated,false,31.635404,31.040392,1.9168948,0.026124492,0.02049542,0.045789938,0.045789938,0.94578738,0.24435064,0.19242321,1.1924232,1.1924232,11.95968,14.261,11.97218,16.89,-0.05,,0.21352375,0.051901352,0.24435064,"{""Surge"":0.28615519292114716,""Sway"":0.455524555716769,""Heave"":0.24813677171231147,""Pitch"":0.1494626020959902,""Yaw"":0.2349291106007281}","{""Surge"":0.13004178340036146,""Sway"":0.2811231135878405,""Heave"":0.032594922860306255,""Pitch"":0.24847735333665472,""Yaw"":0.10705157585119539}","{""J_wave"":0.04578993793416175,""J_shape"":0.9457873831332791,""env_err"":0.21352375480610233,""fp_err"":0.24435063717538952,""LERD"":0.006503664007973453,""LERM"":0.006166115053145111,""LER_err"":0.05190135197859367,""Tend"":519.8}",PASS,metrics computed from 04_current_runs/runs/RUN_0001_FD_ROLL_AMP_SH_SY_06172058/input/qg_r001_center_roll_38d48f80.out
RUN_0001_FD_SWAY_BQIC_SWAY_0617142124_F100_I078,BQIC_SWAY_0617142124_F100_I078,FD_SWAY,curated,false,82.522857,79.430459,3.8932149,0.022762694,0.023182848,0.048307061,0.048307061,1.1506611,0.014689612,0.053004983,0.94699502,0.94699502,-15.1099,-14.309,-15.02749,-11.79,-0.05,,0.27756412,0.64395393,0.014689612,"{""Surge"":0.24833399599323486,""Heave"":0.18987529255270041,""Roll"":0.31309084603419507,""Pitch"":0.13134242184107398,""Yaw"":0.3829888026279}","{""Surge"":0.09911156186697814,""Heave"":0.018040555839837675,""Roll"":0.11940848210435888,""Pitch"":0.0384504331662194,""Yaw"":0.1166189583607766}","{""J_wave"":0.048307060843210625,""J_shape"":1.150661107993713,""env_err"":0.27756411843816414,""fp_err"":0.014689611990790902,""LERD"":0.008732298675839493,""LERM"":0.0031091006306313007,""LER_err"":0.6439539294236976,""Tend"":899.8}",PASS,metrics computed from 04_current_runs/runs/RUN_0001_FD_SWAY_BQIC_SWAY_0617142124_F100_I078/input/qg_r001_center_sway_ac064de6.out
RUN_0001_FD_PITCH_AMP_SH_SY_06172058,AMP_SH_SY_06172058,FD_PITCH,curated,false,30.73641,30.598882,0.44945173,0.020101855,0.025569995,0.014083946,0.014083946,0.16482007,0.15431191,0.16161286,1.1616129,1.1616129,-9.03115,-10.4907,-9.028615,-9.679,-0.05,,0.13842681,0.85497007,0.15431191,"{""Surge"":0.46349418380491014,""Sway"":0.1427956476570348,""Heave"":0.2849441453767441,""Roll"":0.34124582835613526,""Yaw"":0.22108797343740516}","{""Surge"":0.3652553627158409,""Sway"":0.11511580438120428,""Heave"":0.09709203619753709,""Roll"":0.24451383619627762,""Yaw"":0.12733165013806358}","{""J_wave"":0.014083945710940987,""J_shape"":0.16482007279838723,""env_err"":0.13842681169967985,""fp_err"":0.1543119086633251,""LERD"":0.013125939777430977,""LERM"":0.024348225402297658,""LER_err"":0.8549700680603853,""Tend"":484.68}",PASS,metrics computed from 04_current_runs/runs/RUN_0001_FD_PITCH_AMP_SH_SY_06172058/input/qg_r001_center_pitch_e18abe27.out
RUN_0001_FD_YAW_AMP_SH_SY_06172058,AMP_SH_SY_06172058,FD_YAW,curated,false,50.109617,50.687273,1.1396468,0.021018588,0.024700713,0.024368609,0.024368609,0.40709754,0.18320689,0.19034856,0.80965144,0.80965144,-18.0201,-14.59,-17.8903,-15.14,-0.05,,0.25406262,1.5195051,0.18320689,"{""Surge"":0.4811270687063301,""Sway"":0.16791963582763608,""Heave"":0.1963749984823769,""Roll"":0.2508657524147329,""Pitch"":0.09630232197735512}","{""Surge"":0.1667131756781034,""Sway"":0.06151291011602063,""Heave"":0.00833951391833249,""Roll"":0.08748756161027149,""Pitch"":0.06650130575791667}","{""J_wave"":0.024368609393510765,""J_shape"":0.407097535320232,""env_err"":0.2540626249767134,""fp_err"":0.18320689007725435,""LERD"":0.010254479339074602,""LERM"":0.02583621276818568,""LER_err"":1.5195050781112815,""Tend"":628.0}",PASS,metrics computed from 04_current_runs/runs/RUN_0001_FD_YAW_AMP_SH_SY_06172058/input/qg_r001_center_yaw_fe6ed2b1.out
RUN_0001_FD_SWAY_BQIC_SWAY_0617142124_F100_I080,BQIC_SWAY_0617142124_F100_I080,FD_SWAY,curated,false,81.521212,79.430459,2.632181,0.012446109,0.023182848,0.047218733,0.047218733,0.93776528,0.033236198,0.008464649,0.99153535,0.99153535,-15.1099,-14.982,-15.02749,-12.09,-0.05,,0.34505342,0.12131912,0.033236198,"{""Surge"":0.32833120147316724,""Heave"":0.18875196495660068,""Roll"":0.31186938844403067,""Pitch"":0.13997287375283538,""Yaw"":0.4443705543893547}","{""Surge"":0.09911156186697814,""Heave"":0.018040555839837675,""Roll"":0.11940848210435888,""Pitch"":0.0384504331662194,""Yaw"":0.1166189583607766}","{""J_wave"":0.04721873267157613,""J_shape"":0.9377652795929577,""env_err"":0.3450534205279577,""fp_err"":0.03323619827066937,""LERD"":0.008732298675839493,""LERM"":0.009791693503850223,""LER_err"":0.12131912424638669,""Tend"":899.8}",PASS,metrics computed from 04_current_runs/runs/RUN_0001_FD_SWAY_BQIC_SWAY_0617142124_F100_I080/input/qg_r001_center_sway_ac064de6.out
RUN_0002_FD_SURGE_AMP_SH_SY_06172058,AMP_SH_SY_06172058,FD_SURGE,curated,false,81.233333,82.763612,1.8489757,0.015076567,0.020242479,0.030248578,0.030248578,0.59001754,0.13034279,0.17546129,0.82453871,0.82453871,-23.215405,-19.142,-23.35351,-16.25,-0.05,,0.32766471,0.63369893,0.13034279,"{""Sway"":0.2489015869034002,""Heave"":0.15672441515496077,""Roll"":0.18951524636317846,""Pitch"":0.06223256604489145,""Yaw"":0.12811757058226744}","{""Sway"":0.15896017090110728,""Heave"":0.01968059507325694,""Roll"":0.03291602612100948,""Pitch"":0.10723769417504003,""Yaw"":0.03816688415976064}","{""J_wave"":0.03024857808842873,""J_shape"":0.5900175409793172,""env_err"":0.32766471022847815,""fp_err"":0.13034278694332171,""LERD"":0.003995852928715648,""LERM"":0.006528020645299744,""LER_err"":0.6336989278026277,""Tend"":740.9499999999999}",PASS,metrics computed from 04_current_runs/runs/RUN_0002_FD_SURGE_AMP_SH_SY_06172058/input/qg_r001_center_surge_9d3daf69.out
RUN_0001_FD_SWAY_BQIC_SWAY_0617142124_F100_I082,BQIC_SWAY_0617142124_F100_I082,FD_SWAY,curated,false,84.028861,79.430459,5.7892179,0.016350276,0.023182848,0.052411923,0.052411923,1.2006293,0.051310085,0.0019258896,1.0019259,1.0019259,-15.1099,-15.139,-15.02749,-12.39,-0.05,,0.28786273,0.55232764,0.051310085,"{""Surge"":0.30608917405728375,""Heave"":0.18642062411832688,""Roll"":0.30291093907237904,""Pitch"":0.12397434225256183,""Yaw"":0.42351389748993273}","{""Surge"":0.09911156186697814,""Heave"":0.018040555839837675,""Roll"":0.11940848210435888,""Pitch"":0.0384504331662194,""Yaw"":0.1166189583607766}","{""J_wave"":0.05241192343431902,""J_shape"":1.2006292699643304,""env_err"":0.2878627280018848,""fp_err"":0.051310085445631225,""LERD"":0.008732298675839493,""LERM"":0.003909208728935442,""LER_err"":0.5523276431495142,""Tend"":899.8}",PASS,metrics computed from 04_current_runs/runs/RUN_0001_FD_SWAY_BQIC_SWAY_0617142124_F100_I082/input/qg_r001_center_sway_ac064de6.out
RUN_0002_FD_YAW_AMP_SH_SY_06172058,AMP_SH_SY_06172058,FD_YAW,curated,false,50.109617,50.687273,1.1396468,0.021018588,0.024700713,0.024368609,0.024368609,0.40709754,0.18320689,0.19034856,0.80965144,0.80965144,-18.0201,-14.59,-17.8903,-15.14,-0.05,,0.25406262,1.5195051,0.18320689,"{""Surge"":0.4811270687063301,""Sway"":0.16791963582763608,""Heave"":0.1963749984823769,""Roll"":0.2508657524147329,""Pitch"":0.09630232197735512}","{""Surge"":0.1667131756781034,""Sway"":0.06151291011602063,""Heave"":0.00833951391833249,""Roll"":0.08748756161027149,""Pitch"":0.06650130575791667}","{""J_wave"":0.024368609393510765,""J_shape"":0.407097535320232,""env_err"":0.2540626249767134,""fp_err"":0.18320689007725435,""LERD"":0.010254479339074602,""LERM"":0.02583621276818568,""LER_err"":1.5195050781112815,""Tend"":628.0}",PASS,metrics computed from 04_current_runs/runs/RUN_0002_FD_YAW_AMP_SH_SY_06172058/input/qg_r001_center_yaw_fe6ed2b1.out
RUN_0001_FD_ROLL_AMP_SH_SY_ROLL090_06171518,AMP_SH_SY_ROLL090_06171518,FD_ROLL,curated,false,31.525575,31.040392,1.5630696,0.026840408,0.02049542,0.043370448,0.043370448,0.92022809,0.24796179,0.19325935,1.1932594,1.1932594,11.95968,14.271,11.97218,16.89,-0.05,,0.18494258,0.20671011,0.24796179,"{""Surge"":0.2553921159406854,""Sway"":0.4953349626680302,""Heave"":0.2378158267324545,""Pitch"":0.15353174309939524,""Yaw"":0.18983291524736662}","{""Surge"":0.13004178340036146,""Sway"":0.2811231135878405,""Heave"":0.032594922860306255,""Pitch"":0.24847735333665472,""Yaw"":0.10705157585119539}","{""J_wave"":0.043370448425087686,""J_shape"":0.9202280876457001,""env_err"":0.18494258490748505,""fp_err"":0.24796179007154534,""LERD"":0.006503664007973453,""LERM"":0.00784803709900404,""LER_err"":0.20671010823781696,""Tend"":519.8}",PASS,metrics computed from 04_current_runs/runs/RUN_0001_FD_ROLL_AMP_SH_SY_ROLL090_06171518/input/qg_r001_center_roll_38d48f80.out
RUN_0001_FD_HEAVE_AMP_SH_SY_ROLL090_06171518,AMP_SH_SY_ROLL090_06171518,FD_HEAVE,curated,false,20.868056,20.719426,0.71734571,0.0024122298,0.0063011469,0.023805829,0.023805829,0.22404785,0.22845927,0.1900998,1.1900998,1.1900998,-8.2867,-9.862,-8.2962,-4.972,-0.05,,0.37515601,0.068429342,0.22845927,"{""Surge"":0.16084596295277653,""Sway"":0.41316150699410265,""Roll"":0.8173921171570713,""Pitch"":0.42779379022097996,""Yaw"":0.26973557246428004}","{""Surge"":0.694133163574395,""Sway"":0.3830351608671329,""Roll"":0.23088104002761986,""Pitch"":0.08142292151490593,""Yaw"":0.09687871817782223}","{""J_wave"":0.023805828717712633,""J_shape"":0.22404784501206104,""env_err"":0.3751560082425362,""fp_err"":0.22845927190028967,""LERD"":0.0029834655567953176,""LERM"":0.0031876221404749812,""LER_err"":0.06842934158052019,""Tend"":399.8}",PASS,metrics computed from 04_current_runs/runs/RUN_0001_FD_HEAVE_AMP_SH_SY_ROLL090_06171518/input/qg_r001_center_heave_adcda246.out
RUN_0002_FD_SURGE_AMP_SH_SY_ROLL090_06171518,AMP_SH_SY_ROLL090_06171518,FD_SURGE,curated,false,81.233333,82.763612,1.8489757,0.015076567,0.020242479,0.030248578,0.030248578,0.59001754,0.13034279,0.17546129,0.82453871,0.82453871,-23.215405,-19.142,-23.35351,-16.25,-0.05,,0.32766471,0.63369893,0.13034279,"{""Sway"":0.2489015869034002,""Heave"":0.15672441515496077,""Roll"":0.18951524636317846,""Pitch"":0.06223256604489145,""Yaw"":0.12811757058226744}","{""Sway"":0.15896017090110728,""Heave"":0.01968059507325694,""Roll"":0.03291602612100948,""Pitch"":0.10723769417504003,""Yaw"":0.03816688415976064}","{""J_wave"":0.03024857808842873,""J_shape"":0.5900175409793172,""env_err"":0.32766471022847815,""fp_err"":0.13034278694332171,""LERD"":0.003995852928715648,""LERM"":0.006528020645299744,""LER_err"":0.6336989278026277,""Tend"":740.9499999999999}",PASS,metrics computed from 04_current_runs/runs/RUN_0002_FD_SURGE_AMP_SH_SY_ROLL090_06171518/input/qg_r001_center_surge_9d3daf69.out
RUN_0003_FD_SURGE_AMP_SH_SY_ROLL090_06171518,AMP_SH_SY_ROLL090_06171518,FD_SURGE,curated,false,81.233333,82.763612,1.8489757,0.015076567,0.020242479,0.030248578,0.030248578,0.59001754,0.13034279,0.17546129,0.82453871,0.82453871,-23.215405,-19.142,-23.35351,-16.25,-0.05,,0.32766471,0.63369893,0.13034279,"{""Sway"":0.2489015869034002,""Heave"":0.15672441515496077,""Roll"":0.18951524636317846,""Pitch"":0.06223256604489145,""Yaw"":0.12811757058226744}","{""Sway"":0.15896017090110728,""Heave"":0.01968059507325694,""Roll"":0.03291602612100948,""Pitch"":0.10723769417504003,""Yaw"":0.03816688415976064}","{""J_wave"":0.03024857808842873,""J_shape"":0.5900175409793172,""env_err"":0.32766471022847815,""fp_err"":0.13034278694332171,""LERD"":0.003995852928715648,""LERM"":0.006528020645299744,""LER_err"":0.6336989278026277,""Tend"":740.9499999999999}",PASS,metrics computed from 04_current_runs/runs/RUN_0003_FD_SURGE_AMP_SH_SY_ROLL090_06171518/input/qg_r001_center_surge_9d3daf69.out
RUN_0002_FD_SWAY_AMP_SH_SY_ROLL090_06171518,AMP_SH_SY_ROLL090_06171518,FD_SWAY,curated,false,81.521212,79.430459,2.632181,0.012446109,0.023182848,0.047218733,0.047218733,0.93776528,0.033236198,0.008464649,0.99153535,0.99153535,-15.1099,-14.982,-15.02749,-12.09,-0.05,,0.34505342,0.12131912,0.033236198,"{""Surge"":0.32833120147316724,""Heave"":0.18875196495660068,""Roll"":0.31186938844403067,""Pitch"":0.13997287375283538,""Yaw"":0.4443705543893547}","{""Surge"":0.09911156186697814,""Heave"":0.018040555839837675,""Roll"":0.11940848210435888,""Pitch"":0.0384504331662194,""Yaw"":0.1166189583607766}","{""J_wave"":0.04721873267157613,""J_shape"":0.9377652795929577,""env_err"":0.3450534205279577,""fp_err"":0.03323619827066937,""LERD"":0.008732298675839493,""LERM"":0.009791693503850223,""LER_err"":0.12131912424638669,""Tend"":899.8}",PASS,metrics computed from 04_current_runs/runs/RUN_0002_FD_SWAY_AMP_SH_SY_ROLL090_06171518/input/qg_r001_center_sway_ac064de6.out
RUN_0003_FD_SWAY_AMP_SH_SY_ROLL090_06171518,AMP_SH_SY_ROLL090_06171518,FD_SWAY,curated,false,81.521212,79.430459,2.632181,0.012446109,0.023182848,0.047218733,0.047218733,0.93776528,0.033236198,0.008464649,0.99153535,0.99153535,-15.1099,-14.982,-15.02749,-12.09,-0.05,,0.34505342,0.12131912,0.033236198,"{""Surge"":0.32833120147316724,""Heave"":0.18875196495660068,""Roll"":0.31186938844403067,""Pitch"":0.13997287375283538,""Yaw"":0.4443705543893547}","{""Surge"":0.09911156186697814,""Heave"":0.018040555839837675,""Roll"":0.11940848210435888,""Pitch"":0.0384504331662194,""Yaw"":0.1166189583607766}","{""J_wave"":0.04721873267157613,""J_shape"":0.9377652795929577,""env_err"":0.3450534205279577,""fp_err"":0.03323619827066937,""LERD"":0.008732298675839493,""LERM"":0.009791693503850223,""LER_err"":0.12131912424638669,""Tend"":899.8}",PASS,metrics computed from 04_current_runs/runs/RUN_0003_FD_SWAY_AMP_SH_SY_ROLL090_06171518/input/qg_r001_center_sway_ac064de6.out
RUN_0002_FD_HEAVE_AMP_SH_SY_ROLL090_06171518,AMP_SH_SY_ROLL090_06171518,FD_HEAVE,curated,false,20.868056,20.719426,0.71734571,0.0024122298,0.0063011469,0.023805829,0.023805829,0.22404785,0.22845927,0.1900998,1.1900998,1.1900998,-8.2867,-9.862,-8.2962,-4.972,-0.05,,0.37515601,0.068429342,0.22845927,"{""Surge"":0.16084596295277653,""Sway"":0.41316150699410265,""Roll"":0.8173921171570713,""Pitch"":0.42779379022097996,""Yaw"":0.26973557246428004}","{""Surge"":0.694133163574395,""Sway"":0.3830351608671329,""Roll"":0.23088104002761986,""Pitch"":0.08142292151490593,""Yaw"":0.09687871817782223}","{""J_wave"":0.023805828717712633,""J_shape"":0.22404784501206104,""env_err"":0.3751560082425362,""fp_err"":0.22845927190028967,""LERD"":0.0029834655567953176,""LERM"":0.0031876221404749812,""LER_err"":0.06842934158052019,""Tend"":399.8}",PASS,metrics computed from 04_current_runs/runs/RUN_0002_FD_HEAVE_AMP_SH_SY_ROLL090_06171518/input/qg_r001_center_heave_adcda246.out
RUN_0001_FD_PITCH_AMP_SH_SY_ROLL090_06171518,AMP_SH_SY_ROLL090_06171518,FD_PITCH,curated,false,30.73641,30.598882,0.44945173,0.020101855,0.025569995,0.014083946,0.014083946,0.16482007,0.15431191,0.16161286,1.1616129,1.1616129,-9.03115,-10.4907,-9.028615,-9.679,-0.05,,0.13842681,0.85497007,0.15431191,"{""Surge"":0.46349418380491014,""Sway"":0.1427956476570348,""Heave"":0.2849441453767441,""Roll"":0.34124582835613526,""Yaw"":0.22108797343740516}","{""Surge"":0.3652553627158409,""Sway"":0.11511580438120428,""Heave"":0.09709203619753709,""Roll"":0.24451383619627762,""Yaw"":0.12733165013806358}","{""J_wave"":0.014083945710940987,""J_shape"":0.16482007279838723,""env_err"":0.13842681169967985,""fp_err"":0.1543119086633251,""LERD"":0.013125939777430977,""LERM"":0.024348225402297658,""LER_err"":0.8549700680603853,""Tend"":484.68}",PASS,metrics computed from 04_current_runs/runs/RUN_0001_FD_PITCH_AMP_SH_SY_ROLL090_06171518/input/qg_r001_center_pitch_e18abe27.out
RUN_0001_FD_YAW_AMP_SH_SY_ROLL090_06171518,AMP_SH_SY_ROLL090_06171518,FD_YAW,curated,false,50.109617,50.687273,1.1396468,0.021018588,0.024700713,0.024368609,0.024368609,0.40709754,0.18320689,0.19034856,0.80965144,0.80965144,-18.0201,-14.59,-17.8903,-15.14,-0.05,,0.25406262,1.5195051,0.18320689,"{""Surge"":0.4811270687063301,""Sway"":0.16791963582763608,""Heave"":0.1963749984823769,""Roll"":0.2508657524147329,""Pitch"":0.09630232197735512}","{""Surge"":0.1667131756781034,""Sway"":0.06151291011602063,""Heave"":0.00833951391833249,""Roll"":0.08748756161027149,""Pitch"":0.06650130575791667}","{""J_wave"":0.024368609393510765,""J_shape"":0.407097535320232,""env_err"":0.2540626249767134,""fp_err"":0.18320689007725435,""LERD"":0.010254479339074602,""LERM"":0.02583621276818568,""LER_err"":1.5195050781112815,""Tend"":628.0}",PASS,metrics computed from 04_current_runs/runs/RUN_0001_FD_YAW_AMP_SH_SY_ROLL090_06171518/input/qg_r001_center_yaw_fe6ed2b1.out
RUN_0002_FD_ROLL_AMP_SH_SY_ROLL090_06171518,AMP_SH_SY_ROLL090_06171518,FD_ROLL,curated,false,31.525575,31.040392,1.5630696,0.026840408,0.02049542,0.043370448,0.043370448,0.92022809,0.24796179,0.19325935,1.1932594,1.1932594,11.95968,14.271,11.97218,16.89,-0.05,,0.18494258,0.20671011,0.24796179,"{""Surge"":0.2553921159406854,""Sway"":0.4953349626680302,""Heave"":0.2378158267324545,""Pitch"":0.15353174309939524,""Yaw"":0.18983291524736662}","{""Surge"":0.13004178340036146,""Sway"":0.2811231135878405,""Heave"":0.032594922860306255,""Pitch"":0.24847735333665472,""Yaw"":0.10705157585119539}","{""J_wave"":0.043370448425087686,""J_shape"":0.9202280876457001,""env_err"":0.18494258490748505,""fp_err"":0.24796179007154534,""LERD"":0.006503664007973453,""LERM"":0.00784803709900404,""LER_err"":0.20671010823781696,""Tend"":519.8}",PASS,metrics computed from 04_current_runs/runs/RUN_0002_FD_ROLL_AMP_SH_SY_ROLL090_06171518/input/qg_r001_center_roll_38d48f80.out
RUN_0002_FD_PITCH_AMP_SH_SY_ROLL090_06171518,AMP_SH_SY_ROLL090_06171518,FD_PITCH,curated,false,30.73641,30.598882,0.44945173,0.020101855,0.025569995,0.014083946,0.014083946,0.16482007,0.15431191,0.16161286,1.1616129,1.1616129,-9.03115,-10.4907,-9.028615,-9.679,-0.05,,0.13842681,0.85497007,0.15431191,"{""Surge"":0.46349418380491014,""Sway"":0.1427956476570348,""Heave"":0.2849441453767441,""Roll"":0.34124582835613526,""Yaw"":0.22108797343740516}","{""Surge"":0.3652553627158409,""Sway"":0.11511580438120428,""Heave"":0.09709203619753709,""Roll"":0.24451383619627762,""Yaw"":0.12733165013806358}","{""J_wave"":0.014083945710940987,""J_shape"":0.16482007279838723,""env_err"":0.13842681169967985,""fp_err"":0.1543119086633251,""LERD"":0.013125939777430977,""LERM"":0.024348225402297658,""LER_err"":0.8549700680603853,""Tend"":484.68}",PASS,metrics computed from 04_current_runs/runs/RUN_0002_FD_PITCH_AMP_SH_SY_ROLL090_06171518/input/qg_r001_center_pitch_e18abe27.out
RUN_0001_FD_HEAVE_AMP_SH_S_BASEYAW_06171610,AMP_SH_S_BASEYAW_06171610,FD_HEAVE,curated,false,20.868056,20.719426,0.71734571,0.0024122298,0.0063011469,0.023805829,0.023805829,0.22404785,0.22845927,0.1900998,1.1900998,1.1900998,-8.2867,-9.862,-8.2962,-4.972,-0.05,,0.37515601,0.068429342,0.22845927,"{""Surge"":0.16084596295277653,""Sway"":0.41316150699410265,""Roll"":0.8173921171570713,""Pitch"":0.42779379022097996,""Yaw"":0.26973557246428004}","{""Surge"":0.694133163574395,""Sway"":0.3830351608671329,""Roll"":0.23088104002761986,""Pitch"":0.08142292151490593,""Yaw"":0.09687871817782223}","{""J_wave"":0.023805828717712633,""J_shape"":0.22404784501206104,""env_err"":0.3751560082425362,""fp_err"":0.22845927190028967,""LERD"":0.0029834655567953176,""LERM"":0.0031876221404749812,""LER_err"":0.06842934158052019,""Tend"":399.8}",PASS,metrics computed from 04_current_runs/runs/RUN_0001_FD_HEAVE_AMP_SH_S_BASEYAW_06171610/input/qg_r001_center_heave_adcda246.out
RUN_0001_FD_YAW_AMP_SH_S_BASEYAW_06171610,AMP_SH_S_BASEYAW_06171610,FD_YAW,curated,false,50.313075,50.687273,0.73824889,0.022467835,0.024700713,0.027204702,0.027204702,0.54931518,0.20162353,0.19985461,0.80014539,0.80014539,-18.0201,-14.4187,-17.8903,-14.98,-0.05,,0.27050089,0.75605018,0.20162353,"{""Surge"":0.4118261440940836,""Sway"":0.22851825558166444,""Heave"":0.2009042947880548,""Roll"":0.2632192935878376,""Pitch"":0.07801584716959176}","{""Surge"":0.1667131756781034,""Sway"":0.06151291011602063,""Heave"":0.00833951391833249,""Roll"":0.08748756161027149,""Pitch"":0.06650130575791667}","{""J_wave"":0.02720470227598641,""J_shape"":0.5493151763948386,""env_err"":0.2705008927901316,""fp_err"":0.20162353309357162,""LERD"":0.010254479339074602,""LERM"":0.01800738033653799,""LER_err"":0.7560501846174702,""Tend"":628.0}",PASS,metrics computed from 04_current_runs/runs/RUN_0001_FD_YAW_AMP_SH_S_BASEYAW_06171610/input/qg_r001_center_yaw_fe6ed2b1.out
RUN_0002_FD_YAW_AMP_SH_SY_ROLL090_06171518,AMP_SH_SY_ROLL090_06171518,FD_YAW,curated,false,50.109617,50.687273,1.1396468,0.021018588,0.024700713,0.024368609,0.024368609,0.40709754,0.18320689,0.19034856,0.80965144,0.80965144,-18.0201,-14.59,-17.8903,-15.14,-0.05,,0.25406262,1.5195051,0.18320689,"{""Surge"":0.4811270687063301,""Sway"":0.16791963582763608,""Heave"":0.1963749984823769,""Roll"":0.2508657524147329,""Pitch"":0.09630232197735512}","{""Surge"":0.1667131756781034,""Sway"":0.06151291011602063,""Heave"":0.00833951391833249,""Roll"":0.08748756161027149,""Pitch"":0.06650130575791667}","{""J_wave"":0.024368609393510765,""J_shape"":0.407097535320232,""env_err"":0.2540626249767134,""fp_err"":0.18320689007725435,""LERD"":0.010254479339074602,""LERM"":0.02583621276818568,""LER_err"":1.5195050781112815,""Tend"":628.0}",PASS,metrics computed from 04_current_runs/runs/RUN_0002_FD_YAW_AMP_SH_SY_ROLL090_06171518/input/qg_r001_center_yaw_fe6ed2b1.out
RUN_0001_FD_SURGE_AMP_SH_S_BASEYAW_06171610,AMP_SH_S_BASEYAW_06171610,FD_SURGE,curated,false,81.233333,82.763612,1.8489757,0.015076567,0.020242479,0.030248578,0.030248578,0.59001754,0.13034279,0.17546129,0.82453871,0.82453871,-23.215405,-19.142,-23.35351,-16.25,-0.05,,0.32766471,0.63369893,0.13034279,"{""Sway"":0.2489015869034002,""Heave"":0.15672441515496077,""Roll"":0.18951524636317846,""Pitch"":0.06223256604489145,""Yaw"":0.12811757058226744}","{""Sway"":0.15896017090110728,""Heave"":0.01968059507325694,""Roll"":0.03291602612100948,""Pitch"":0.10723769417504003,""Yaw"":0.03816688415976064}","{""J_wave"":0.03024857808842873,""J_shape"":0.5900175409793172,""env_err"":0.32766471022847815,""fp_err"":0.13034278694332171,""LERD"":0.003995852928715648,""LERM"":0.006528020645299744,""LER_err"":0.6336989278026277,""Tend"":740.9499999999999}",PASS,metrics computed from 04_current_runs/runs/RUN_0001_FD_SURGE_AMP_SH_S_BASEYAW_06171610/input/qg_r001_center_surge_9d3daf69.out
RUN_0003_FD_ROLL_AMP_SH_SY_ROLL090_06171518,AMP_SH_SY_ROLL090_06171518,FD_ROLL,curated,false,31.525575,31.040392,1.5630696,0.026840408,0.02049542,0.043370448,0.043370448,0.92022809,0.24796179,0.19325935,1.1932594,1.1932594,11.95968,14.271,11.97218,16.89,-0.05,,0.18494258,0.20671011,0.24796179,"{""Surge"":0.2553921159406854,""Sway"":0.4953349626680302,""Heave"":0.2378158267324545,""Pitch"":0.15353174309939524,""Yaw"":0.18983291524736662}","{""Surge"":0.13004178340036146,""Sway"":0.2811231135878405,""Heave"":0.032594922860306255,""Pitch"":0.24847735333665472,""Yaw"":0.10705157585119539}","{""J_wave"":0.043370448425087686,""J_shape"":0.9202280876457001,""env_err"":0.18494258490748505,""fp_err"":0.24796179007154534,""LERD"":0.006503664007973453,""LERM"":0.00784803709900404,""LER_err"":0.20671010823781696,""Tend"":519.8}",PASS,metrics computed from 04_current_runs/runs/RUN_0003_FD_ROLL_AMP_SH_SY_ROLL090_06171518/input/qg_r001_center_roll_38d48f80.out
RUN_0001_FD_ROLL_BQIC_ROLL_0617161013_F095_I100,BQIC_ROLL_0617161013_F095_I100,FD_ROLL,curated,false,31.552229,31.040392,1.648936,0.026006675,0.02049542,0.04491145,0.04491145,0.92489451,0.24405826,0.19217237,1.1921724,1.1921724,11.95968,14.258,11.97218,16.89,-0.05,,0.20004921,0.19568854,0.24405826,"{""Surge"":0.26706577900201384,""Sway"":0.45476044041725955,""Heave"":0.24368683665367005,""Pitch"":0.14870079190094648,""Yaw"":0.21615100859566067}","{""Surge"":0.13004178340036146,""Sway"":0.2811231135878405,""Heave"":0.032594922860306255,""Pitch"":0.24847735333665472,""Yaw"":0.10705157585119539}","{""J_wave"":0.044911449565497634,""J_shape"":0.9248945065165406,""env_err"":0.20004920672350784,""fp_err"":0.24405826285831175,""LERD"":0.006503664007973453,""LERM"":0.005230971496869118,""LER_err"":0.19568853949773873,""Tend"":519.8}",PASS,metrics computed from 04_current_runs/runs/RUN_0001_FD_ROLL_BQIC_ROLL_0617161013_F095_I100/input/qg_r001_center_roll_38d48f80.out
RUN_0001_FD_SWAY_AMP_SH_S_BASEYAW_06171610,AMP_SH_S_BASEYAW_06171610,FD_SWAY,curated,false,81.521212,79.430459,2.632181,0.012446109,0.023182848,0.047218733,0.047218733,0.93776528,0.033236198,0.008464649,0.99153535,0.99153535,-15.1099,-14.982,-15.02749,-12.09,-0.05,,0.34505342,0.12131912,0.033236198,"{""Surge"":0.32833120147316724,""Heave"":0.18875196495660068,""Roll"":0.31186938844403067,""Pitch"":0.13997287375283538,""Yaw"":0.4443705543893547}","{""Surge"":0.09911156186697814,""Heave"":0.018040555839837675,""Roll"":0.11940848210435888,""Pitch"":0.0384504331662194,""Yaw"":0.1166189583607766}","{""J_wave"":0.04721873267157613,""J_shape"":0.9377652795929577,""env_err"":0.3450534205279577,""fp_err"":0.03323619827066937,""LERD"":0.008732298675839493,""LERM"":0.009791693503850223,""LER_err"":0.12131912424638669,""Tend"":899.8}",PASS,metrics computed from 04_current_runs/runs/RUN_0001_FD_SWAY_AMP_SH_S_BASEYAW_06171610/input/qg_r001_center_sway_ac064de6.out
RUN_0001_FD_ROLL_BQIC_ROLL_0617161538_F098_I100,BQIC_ROLL_0617161538_F098_I100,FD_ROLL,curated,false,31.758482,31.040392,2.3134045,0.026274006,0.02049542,0.044248382,0.044248382,0.92522335,0.24481801,0.19334297,1.193343,1.193343,11.95968,14.272,11.97218,16.89,-0.05,,0.2082367,0.032325199,0.24481801,"{""Surge"":0.27017651484261535,""Sway"":0.4959136166620091,""Heave"":0.2461549347324342,""Pitch"":0.15898167763279425,""Yaw"":0.22206719278263806}","{""Surge"":0.13004178340036146,""Sway"":0.2811231135878405,""Heave"":0.032594922860306255,""Pitch"":0.24847735333665472,""Yaw"":0.10705157585119539}","{""J_wave"":0.044248382441282645,""J_shape"":0.9252233476532444,""env_err"":0.20823670370037892,""fp_err"":0.24481801470472114,""LERD"":0.006503664007973453,""LERM"":0.0062934317757619125,""LER_err"":0.0323251988346564,""Tend"":519.8}",PASS,metrics computed from 04_current_runs/runs/RUN_0001_FD_ROLL_BQIC_ROLL_0617161538_F098_I100/input/qg_r001_center_roll_38d48f80.out
RUN_0001_FD_PITCH_AMP_SH_S_BASEYAW_06171610,AMP_SH_S_BASEYAW_06171610,FD_PITCH,curated,false,30.73641,30.598882,0.44945173,0.020101855,0.025569995,0.014083946,0.014083946,0.16482007,0.15431191,0.16161286,1.1616129,1.1616129,-9.03115,-10.4907,-9.028615,-9.679,-0.05,,0.13842681,0.85497007,0.15431191,"{""Surge"":0.46349418380491014,""Sway"":0.1427956476570348,""Heave"":0.2849441453767441,""Roll"":0.34124582835613526,""Yaw"":0.22108797343740516}","{""Surge"":0.3652553627158409,""Sway"":0.11511580438120428,""Heave"":0.09709203619753709,""Roll"":0.24451383619627762,""Yaw"":0.12733165013806358}","{""J_wave"":0.014083945710940987,""J_shape"":0.16482007279838723,""env_err"":0.13842681169967985,""fp_err"":0.1543119086633251,""LERD"":0.013125939777430977,""LERM"":0.024348225402297658,""LER_err"":0.8549700680603853,""Tend"":484.68}",PASS,metrics computed from 04_current_runs/runs/RUN_0001_FD_PITCH_AMP_SH_S_BASEYAW_06171610/input/qg_r001_center_pitch_e18abe27.out
RUN_0001_FD_ROLL_AMP_SH_S_BASEYAW_06171610,AMP_SH_S_BASEYAW_06171610,FD_ROLL,curated,false,31.635404,31.040392,1.9168948,0.026124492,0.02049542,0.045789938,0.045789938,0.94578738,0.24435064,0.19242321,1.1924232,1.1924232,11.95968,14.261,11.97218,16.89,-0.05,,0.21352375,0.051901352,0.24435064,"{""Surge"":0.28615519292114716,""Sway"":0.455524555716769,""Heave"":0.24813677171231147,""Pitch"":0.1494626020959902,""Yaw"":0.2349291106007281}","{""Surge"":0.13004178340036146,""Sway"":0.2811231135878405,""Heave"":0.032594922860306255,""Pitch"":0.24847735333665472,""Yaw"":0.10705157585119539}","{""J_wave"":0.04578993793416175,""J_shape"":0.9457873831332791,""env_err"":0.21352375480610233,""fp_err"":0.24435063717538952,""LERD"":0.006503664007973453,""LERM"":0.006166115053145111,""LER_err"":0.05190135197859367,""Tend"":519.8}",PASS,metrics computed from 04_current_runs/runs/RUN_0001_FD_ROLL_AMP_SH_S_BASEYAW_06171610/input/qg_r001_center_roll_38d48f80.out
RUN_0001_FD_ROLL_BQIC_ROLL_0617162123_F096_I100,BQIC_ROLL_0617162123_F096_I100,FD_ROLL,curated,false,31.566287,31.040392,1.694227,0.025761193,0.02049542,0.04483199,0.04483199,0.95263,0.24616118,0.19309212,1.1930921,1.1930921,11.95968,14.269,11.97218,16.89,-0.05,,0.20277012,0.038351677,0.24616118,"{""Surge"":0.26217204434501146,""Sway"":0.46207430386554416,""Heave"":0.24445984105211271,""Pitch"":0.14732376194843483,""Yaw"":0.2213939304623279}","{""Surge"":0.13004178340036146,""Sway"":0.2811231135878405,""Heave"":0.032594922860306255,""Pitch"":0.24847735333665472,""Yaw"":0.10705157585119539}","{""J_wave"":0.04483199012274064,""J_shape"":0.9526300015045943,""env_err"":0.2027701168789397,""fp_err"":0.24616118187863814,""LERD"":0.006503664007973453,""LERM"":0.006753090426886677,""LER_err"":0.03835167662527289,""Tend"":519.8}",PASS,metrics computed from 04_current_runs/runs/RUN_0001_FD_ROLL_BQIC_ROLL_0617162123_F096_I100/input/qg_r001_center_roll_38d48f80.out
RUN_0001_FD_ROLL_BQIC_ROLL_0617162123_F097_I100,BQIC_ROLL_0617162123_F097_I100,FD_ROLL,curated,false,31.665376,31.040392,2.013454,0.026354119,0.02049542,0.044702634,0.044702634,0.92969766,0.2463692,0.19292489,1.1929249,1.1929249,11.95968,14.267,11.97218,16.89,-0.05,,0.20685223,0.0098840853,0.2463692,"{""Surge"":0.28558985378991436,""Sway"":0.4998166347786507,""Heave"":0.24560847119719173,""Pitch"":0.15123087478674357,""Yaw"":0.2060977264275587}","{""Surge"":0.13004178340036146,""Sway"":0.2811231135878405,""Heave"":0.032594922860306255,""Pitch"":0.24847735333665472,""Yaw"":0.10705157585119539}","{""J_wave"":0.04470263381227805,""J_shape"":0.9296976553064128,""env_err"":0.20685223332456518,""fp_err"":0.24636920109697452,""LERD"":0.006503664007973453,""LERM"":0.0064393812381268465,""LER_err"":0.009884085304498514,""Tend"":519.8}",PASS,metrics computed from 04_current_runs/runs/RUN_0001_FD_ROLL_BQIC_ROLL_0617162123_F097_I100/input/qg_r001_center_roll_38d48f80.out
RUN_0001_FD_ROLL_BQIC_ROLL_0617162123_F098_I100,BQIC_ROLL_0617162123_F098_I100,FD_ROLL,curated,false,31.653665,31.040392,1.9757234,0.026073186,0.02049542,0.045192859,0.045192859,0.94183746,0.24288107,0.19292489,1.1929249,1.1929249,11.95968,14.267,11.97218,16.89,-0.05,,0.20558694,0.082713941,0.24288107,"{""Surge"":0.2480773471405558,""Sway"":0.45427371159226365,""Heave"":0.24556852634516868,""Pitch"":0.14451032432108948,""Yaw"":0.20714796505305713}","{""Surge"":0.13004178340036146,""Sway"":0.2811231135878405,""Heave"":0.032594922860306255,""Pitch"":0.24847735333665472,""Yaw"":0.10705157585119539}","{""J_wave"":0.045192859393256554,""J_shape"":0.9418374612565021,""env_err"":0.2055869403719174,""fp_err"":0.24288106592046,""LERD"":0.006503664007973453,""LERM"":0.005965720323923731,""LER_err"":0.08271394146287485,""Tend"":519.8}",PASS,metrics computed from 04_current_runs/runs/RUN_0001_FD_ROLL_BQIC_ROLL_0617162123_F098_I100/input/qg_r001_center_roll_38d48f80.out
RUN_0001_FD_SURGE_AMP_SH_SY_R965_06171637,AMP_SH_SY_R965_06171637,FD_SURGE,curated,false,81.233333,82.763612,1.8489757,0.015076567,0.020242479,0.030248578,0.030248578,0.59001754,0.13034279,0.17546129,0.82453871,0.82453871,-23.215405,-19.142,-23.35351,-16.25,-0.05,,0.32766471,0.63369893,0.13034279,"{""Sway"":0.2489015869034002,""Heave"":0.15672441515496077,""Roll"":0.18951524636317846,""Pitch"":0.06223256604489145,""Yaw"":0.12811757058226744}","{""Sway"":0.15896017090110728,""Heave"":0.01968059507325694,""Roll"":0.03291602612100948,""Pitch"":0.10723769417504003,""Yaw"":0.03816688415976064}","{""J_wave"":0.03024857808842873,""J_shape"":0.5900175409793172,""env_err"":0.32766471022847815,""fp_err"":0.13034278694332171,""LERD"":0.003995852928715648,""LERM"":0.006528020645299744,""LER_err"":0.6336989278026277,""Tend"":740.9499999999999}",PASS,metrics computed from 04_current_runs/runs/RUN_0001_FD_SURGE_AMP_SH_SY_R965_06171637/input/qg_r001_center_surge_9d3daf69.out
RUN_0001_FD_SWAY_AMP_SH_SY_R965_06171637,AMP_SH_SY_R965_06171637,FD_SWAY,curated,false,81.521212,79.430459,2.632181,0.012446109,0.023182848,0.047218733,0.047218733,0.93776528,0.033236198,0.008464649,0.99153535,0.99153535,-15.1099,-14.982,-15.02749,-12.09,-0.05,,0.34505342,0.12131912,0.033236198,"{""Surge"":0.32833120147316724,""Heave"":0.18875196495660068,""Roll"":0.31186938844403067,""Pitch"":0.13997287375283538,""Yaw"":0.4443705543893547}","{""Surge"":0.09911156186697814,""Heave"":0.018040555839837675,""Roll"":0.11940848210435888,""Pitch"":0.0384504331662194,""Yaw"":0.1166189583607766}","{""J_wave"":0.04721873267157613,""J_shape"":0.9377652795929577,""env_err"":0.3450534205279577,""fp_err"":0.03323619827066937,""LERD"":0.008732298675839493,""LERM"":0.009791693503850223,""LER_err"":0.12131912424638669,""Tend"":899.8}",PASS,metrics computed from 04_current_runs/runs/RUN_0001_FD_SWAY_AMP_SH_SY_R965_06171637/input/qg_r001_center_sway_ac064de6.out
RUN_0001_FD_HEAVE_AMP_SH_SY_R965_06171637,AMP_SH_SY_R965_06171637,FD_HEAVE,curated,false,20.868056,20.719426,0.71734571,0.0024122298,0.0063011469,0.023805829,0.023805829,0.22404785,0.22845927,0.1900998,1.1900998,1.1900998,-8.2867,-9.862,-8.2962,-4.972,-0.05,,0.37515601,0.068429342,0.22845927,"{""Surge"":0.16084596295277653,""Sway"":0.41316150699410265,""Roll"":0.8173921171570713,""Pitch"":0.42779379022097996,""Yaw"":0.26973557246428004}","{""Surge"":0.694133163574395,""Sway"":0.3830351608671329,""Roll"":0.23088104002761986,""Pitch"":0.08142292151490593,""Yaw"":0.09687871817782223}","{""J_wave"":0.023805828717712633,""J_shape"":0.22404784501206104,""env_err"":0.3751560082425362,""fp_err"":0.22845927190028967,""LERD"":0.0029834655567953176,""LERM"":0.0031876221404749812,""LER_err"":0.06842934158052019,""Tend"":399.8}",PASS,metrics computed from 04_current_runs/runs/RUN_0001_FD_HEAVE_AMP_SH_SY_R965_06171637/input/qg_r001_center_heave_adcda246.out
RUN_0001_FD_ROLL_AMP_SH_SY_R965_06171637,AMP_SH_SY_R965_06171637,FD_ROLL,curated,false,31.566287,31.040392,1.694227,0.025761193,0.02049542,0.04483199,0.04483199,0.95263,0.24616118,0.19309212,1.1930921,1.1930921,11.95968,14.269,11.97218,16.89,-0.05,,0.20277012,0.038351677,0.24616118,"{""Surge"":0.26217204434501146,""Sway"":0.46207430386554416,""Heave"":0.24445984105211271,""Pitch"":0.14732376194843483,""Yaw"":0.2213939304623279}","{""Surge"":0.13004178340036146,""Sway"":0.2811231135878405,""Heave"":0.032594922860306255,""Pitch"":0.24847735333665472,""Yaw"":0.10705157585119539}","{""J_wave"":0.04483199012274064,""J_shape"":0.9526300015045943,""env_err"":0.2027701168789397,""fp_err"":0.24616118187863814,""LERD"":0.006503664007973453,""LERM"":0.006753090426886677,""LER_err"":0.03835167662527289,""Tend"":519.8}",PASS,metrics computed from 04_current_runs/runs/RUN_0001_FD_ROLL_AMP_SH_SY_R965_06171637/input/qg_r001_center_roll_38d48f80.out
RUN_0001_FD_PITCH_AMP_SH_SY_R965_06171637,AMP_SH_SY_R965_06171637,FD_PITCH,curated,false,30.73641,30.598882,0.44945173,0.020101855,0.025569995,0.014083946,0.014083946,0.16482007,0.15431191,0.16161286,1.1616129,1.1616129,-9.03115,-10.4907,-9.028615,-9.679,-0.05,,0.13842681,0.85497007,0.15431191,"{""Surge"":0.46349418380491014,""Sway"":0.1427956476570348,""Heave"":0.2849441453767441,""Roll"":0.34124582835613526,""Yaw"":0.22108797343740516}","{""Surge"":0.3652553627158409,""Sway"":0.11511580438120428,""Heave"":0.09709203619753709,""Roll"":0.24451383619627762,""Yaw"":0.12733165013806358}","{""J_wave"":0.014083945710940987,""J_shape"":0.16482007279838723,""env_err"":0.13842681169967985,""fp_err"":0.1543119086633251,""LERD"":0.013125939777430977,""LERM"":0.024348225402297658,""LER_err"":0.8549700680603853,""Tend"":484.68}",PASS,metrics computed from 04_current_runs/runs/RUN_0001_FD_PITCH_AMP_SH_SY_R965_06171637/input/qg_r001_center_pitch_e18abe27.out
RUN_0001_FD_YAW_AMP_SH_SY_R965_06171637,AMP_SH_SY_R965_06171637,FD_YAW,curated,false,50.109617,50.687273,1.1396468,0.021018588,0.024700713,0.024368609,0.024368609,0.40709754,0.18320689,0.19034856,0.80965144,0.80965144,-18.0201,-14.59,-17.8903,-15.14,-0.05,,0.25406262,1.5195051,0.18320689,"{""Surge"":0.4811270687063301,""Sway"":0.16791963582763608,""Heave"":0.1963749984823769,""Roll"":0.2508657524147329,""Pitch"":0.09630232197735512}","{""Surge"":0.1667131756781034,""Sway"":0.06151291011602063,""Heave"":0.00833951391833249,""Roll"":0.08748756161027149,""Pitch"":0.06650130575791667}","{""J_wave"":0.024368609393510765,""J_shape"":0.407097535320232,""env_err"":0.2540626249767134,""fp_err"":0.18320689007725435,""LERD"":0.010254479339074602,""LERM"":0.02583621276818568,""LER_err"":1.5195050781112815,""Tend"":628.0}",PASS,metrics computed from 04_current_runs/runs/RUN_0001_FD_YAW_AMP_SH_SY_R965_06171637/input/qg_r001_center_yaw_fe6ed2b1.out
RUN_0002_FD_ROLL_AMP_SH_SY_R965_06171637,AMP_SH_SY_R965_06171637,FD_ROLL,curated,false,31.566287,31.040392,1.694227,0.025761193,0.02049542,0.04483199,0.04483199,0.95263,0.24616118,0.19309212,1.1930921,1.1930921,11.95968,14.269,11.97218,16.89,-0.05,,0.20277012,0.038351677,0.24616118,"{""Surge"":0.26217204434501146,""Sway"":0.46207430386554416,""Heave"":0.24445984105211271,""Pitch"":0.14732376194843483,""Yaw"":0.2213939304623279}","{""Surge"":0.13004178340036146,""Sway"":0.2811231135878405,""Heave"":0.032594922860306255,""Pitch"":0.24847735333665472,""Yaw"":0.10705157585119539}","{""J_wave"":0.04483199012274064,""J_shape"":0.9526300015045943,""env_err"":0.2027701168789397,""fp_err"":0.24616118187863814,""LERD"":0.006503664007973453,""LERM"":0.006753090426886677,""LER_err"":0.03835167662527289,""Tend"":519.8}",PASS,metrics computed from 04_current_runs/runs/RUN_0002_FD_ROLL_AMP_SH_SY_R965_06171637/input/qg_r001_center_roll_38d48f80.out
RUN_0001_FD_HEAVE_BQIC_HEAVE_0703130239_F100_I050,BQIC_HEAVE_0703130239_F100_I050,FD_HEAVE,curated,false,20.888082,20.719426,0.81400322,0.0030352721,0.0063011469,0.023024119,0.023024119,0.22960038,0.12073268,0.090301326,1.0903013,1.0903013,-8.2867,-9.035,-8.2962,-4.143,-0.05,,0.36017676,0.23388627,0.12073268,"{""Surge"":0.12574838725533372,""Sway"":0.42757458897021167,""Roll"":0.8775320387245891,""Pitch"":0.45320326218962803,""Yaw"":0.274990591822016}","{""Surge"":0.694133163574395,""Sway"":0.3830351608671329,""Roll"":0.23088104002761986,""Pitch"":0.08142292151490593,""Yaw"":0.09687871817782223}","{""J_wave"":0.023024119386283196,""J_shape"":0.22960038339046843,""env_err"":0.3601767569931129,""fp_err"":0.12073268408929225,""LERD"":0.0029834655567953176,""LERM"":0.0036812571811868735,""LER_err"":0.23388626786799147,""Tend"":399.8}",PASS,metrics computed from 04_current_runs/runs/RUN_0001_FD_HEAVE_BQIC_HEAVE_0703130239_F100_I050/input/qg_r001_center_heave_adcda246.out
RUN_0001_FD_HEAVE_BQIC_HEAVE_0703130239_F100_I055,BQIC_HEAVE_0703130239_F100_I055,FD_HEAVE,curated,false,20.878571,20.719426,0.7680994,0.0027269312,0.0063011469,0.023201332,0.023201332,0.2262039,0.17440366,0.14014022,1.1401402,1.1401402,-8.2867,-9.448,-8.2962,-4.558,-0.05,,0.36610833,0.16995272,0.17440366,"{""Surge"":0.14400086935538364,""Sway"":0.4204772604904177,""Roll"":0.846732819460594,""Pitch"":0.43647180757874154,""Yaw"":0.2678741216443248}","{""Surge"":0.694133163574395,""Sway"":0.3830351608671329,""Roll"":0.23088104002761986,""Pitch"":0.08142292151490593,""Yaw"":0.09687871817782223}","{""J_wave"":0.023201332288513652,""J_shape"":0.22620390410832109,""env_err"":0.36610833364154693,""fp_err"":0.1744036604050862,""LERD"":0.0029834655567953176,""LERM"":0.003490513652007351,""LER_err"":0.1699527229523903,""Tend"":399.8}",PASS,metrics computed from 04_current_runs/runs/RUN_0001_FD_HEAVE_BQIC_HEAVE_0703130239_F100_I055/input/qg_r001_center_heave_adcda246.out
RUN_0001_FD_HEAVE_BQIC_HEAVE_0703130239_F100_I058,BQIC_HEAVE_0703130239_F100_I058,FD_HEAVE,curated,false,20.871429,20.719426,0.73362519,0.0025434819,0.0063011469,0.023512264,0.023512264,0.2242499,0.20683495,0.1700677,1.1700677,1.1700677,-8.2867,-9.696,-8.2962,-4.806,-0.05,,0.37117164,0.1071417,0.20683495,"{""Surge"":0.14349204912690433,""Sway"":0.41687262508356815,""Roll"":0.8288368887792877,""Pitch"":0.43038044369598455,""Yaw"":0.2644876480485538}","{""Surge"":0.694133163574395,""Sway"":0.3830351608671329,""Roll"":0.23088104002761986,""Pitch"":0.08142292151490593,""Yaw"":0.09687871817782223}","{""J_wave"":0.023512264086936963,""J_shape"":0.22424990072749795,""env_err"":0.3711716431942263,""fp_err"":0.20683495461932205,""LERD"":0.0029834655567953176,""LERM"":0.0033031191376216257,""LER_err"":0.10714170307689533,""Tend"":399.8}",PASS,metrics computed from 04_current_runs/runs/RUN_0001_FD_HEAVE_BQIC_HEAVE_0703130239_F100_I058/input/qg_r001_center_heave_adcda246.out
RUN_0001_FD_SURGE_AMP_SH_SY_R965_H058_07031325,AMP_SH_SY_R965_H058_07031325,FD_SURGE,curated,false,81.233333,82.763612,1.8489757,0.015076567,0.020242479,0.030248578,0.030248578,0.59001754,0.13034279,0.17546129,0.82453871,0.82453871,-23.215405,-19.142,-23.35351,-16.25,-0.05,,0.32766471,0.63369893,0.13034279,"{""Sway"":0.2489015869034002,""Heave"":0.15672441515496077,""Roll"":0.18951524636317846,""Pitch"":0.06223256604489145,""Yaw"":0.12811757058226744}","{""Sway"":0.15896017090110728,""Heave"":0.01968059507325694,""Roll"":0.03291602612100948,""Pitch"":0.10723769417504003,""Yaw"":0.03816688415976064}","{""J_wave"":0.03024857808842873,""J_shape"":0.5900175409793172,""env_err"":0.32766471022847815,""fp_err"":0.13034278694332171,""LERD"":0.003995852928715648,""LERM"":0.006528020645299744,""LER_err"":0.6336989278026277,""Tend"":740.9499999999999}",PASS,metrics computed from 04_current_runs/runs/RUN_0001_FD_SURGE_AMP_SH_SY_R965_H058_07031325/input/qg_r001_center_surge_9d3daf69.out
RUN_0001_FD_SWAY_AMP_SH_SY_R965_H058_07031325,AMP_SH_SY_R965_H058_07031325,FD_SWAY,curated,false,81.521212,79.430459,2.632181,0.012446109,0.023182848,0.047218733,0.047218733,0.93776528,0.033236198,0.008464649,0.99153535,0.99153535,-15.1099,-14.982,-15.02749,-12.09,-0.05,,0.34505342,0.12131912,0.033236198,"{""Surge"":0.32833120147316724,""Heave"":0.18875196495660068,""Roll"":0.31186938844403067,""Pitch"":0.13997287375283538,""Yaw"":0.4443705543893547}","{""Surge"":0.09911156186697814,""Heave"":0.018040555839837675,""Roll"":0.11940848210435888,""Pitch"":0.0384504331662194,""Yaw"":0.1166189583607766}","{""J_wave"":0.04721873267157613,""J_shape"":0.9377652795929577,""env_err"":0.3450534205279577,""fp_err"":0.03323619827066937,""LERD"":0.008732298675839493,""LERM"":0.009791693503850223,""LER_err"":0.12131912424638669,""Tend"":899.8}",PASS,metrics computed from 04_current_runs/runs/RUN_0001_FD_SWAY_AMP_SH_SY_R965_H058_07031325/input/qg_r001_center_sway_ac064de6.out
RUN_0001_FD_HEAVE_AMP_SH_SY_R965_H058_07031325,AMP_SH_SY_R965_H058_07031325,FD_HEAVE,curated,false,20.871429,20.719426,0.73362519,0.0025434819,0.0063011469,0.023512264,0.023512264,0.2242499,0.20683495,0.1700677,1.1700677,1.1700677,-8.2867,-9.696,-8.2962,-4.806,-0.05,,0.37117164,0.1071417,0.20683495,"{""Surge"":0.14349204912690433,""Sway"":0.41687262508356815,""Roll"":0.8288368887792877,""Pitch"":0.43038044369598455,""Yaw"":0.2644876480485538}","{""Surge"":0.694133163574395,""Sway"":0.3830351608671329,""Roll"":0.23088104002761986,""Pitch"":0.08142292151490593,""Yaw"":0.09687871817782223}","{""J_wave"":0.023512264086936963,""J_shape"":0.22424990072749795,""env_err"":0.3711716431942263,""fp_err"":0.20683495461932205,""LERD"":0.0029834655567953176,""LERM"":0.0033031191376216257,""LER_err"":0.10714170307689533,""Tend"":399.8}",PASS,metrics computed from 04_current_runs/runs/RUN_0001_FD_HEAVE_AMP_SH_SY_R965_H058_07031325/input/qg_r001_center_heave_adcda246.out
RUN_0001_FD_ROLL_AMP_SH_SY_R965_H058_07031325,AMP_SH_SY_R965_H058_07031325,FD_ROLL,curated,false,31.566287,31.040392,1.694227,0.025761193,0.02049542,0.04483199,0.04483199,0.95263,0.24616118,0.19309212,1.1930921,1.1930921,11.95968,14.269,11.97218,16.89,-0.05,,0.20277012,0.038351677,0.24616118,"{""Surge"":0.26217204434501146,""Sway"":0.46207430386554416,""Heave"":0.24445984105211271,""Pitch"":0.14732376194843483,""Yaw"":0.2213939304623279}","{""Surge"":0.13004178340036146,""Sway"":0.2811231135878405,""Heave"":0.032594922860306255,""Pitch"":0.24847735333665472,""Yaw"":0.10705157585119539}","{""J_wave"":0.04483199012274064,""J_shape"":0.9526300015045943,""env_err"":0.2027701168789397,""fp_err"":0.24616118187863814,""LERD"":0.006503664007973453,""LERM"":0.006753090426886677,""LER_err"":0.03835167662527289,""Tend"":519.8}",PASS,metrics computed from 04_current_runs/runs/RUN_0001_FD_ROLL_AMP_SH_SY_R965_H058_07031325/input/qg_r001_center_roll_38d48f80.out
RUN_0001_FD_PITCH_AMP_SH_SY_R965_H058_07031325,AMP_SH_SY_R965_H058_07031325,FD_PITCH,curated,false,30.73641,30.598882,0.44945173,0.020101855,0.025569995,0.014083946,0.014083946,0.16482007,0.15431191,0.16161286,1.1616129,1.1616129,-9.03115,-10.4907,-9.028615,-9.679,-0.05,,0.13842681,0.85497007,0.15431191,"{""Surge"":0.46349418380491014,""Sway"":0.1427956476570348,""Heave"":0.2849441453767441,""Roll"":0.34124582835613526,""Yaw"":0.22108797343740516}","{""Surge"":0.3652553627158409,""Sway"":0.11511580438120428,""Heave"":0.09709203619753709,""Roll"":0.24451383619627762,""Yaw"":0.12733165013806358}","{""J_wave"":0.014083945710940987,""J_shape"":0.16482007279838723,""env_err"":0.13842681169967985,""fp_err"":0.1543119086633251,""LERD"":0.013125939777430977,""LERM"":0.024348225402297658,""LER_err"":0.8549700680603853,""Tend"":484.68}",PASS,metrics computed from 04_current_runs/runs/RUN_0001_FD_PITCH_AMP_SH_SY_R965_H058_07031325/input/qg_r001_center_pitch_e18abe27.out
RUN_0001_FD_YAW_AMP_SH_SY_R965_H058_07031325,AMP_SH_SY_R965_H058_07031325,FD_YAW,curated,false,50.109617,50.687273,1.1396468,0.021018588,0.024700713,0.024368609,0.024368609,0.40709754,0.18320689,0.19034856,0.80965144,0.80965144,-18.0201,-14.59,-17.8903,-15.14,-0.05,,0.25406262,1.5195051,0.18320689,"{""Surge"":0.4811270687063301,""Sway"":0.16791963582763608,""Heave"":0.1963749984823769,""Roll"":0.2508657524147329,""Pitch"":0.09630232197735512}","{""Surge"":0.1667131756781034,""Sway"":0.06151291011602063,""Heave"":0.00833951391833249,""Roll"":0.08748756161027149,""Pitch"":0.06650130575791667}","{""J_wave"":0.024368609393510765,""J_shape"":0.407097535320232,""env_err"":0.2540626249767134,""fp_err"":0.18320689007725435,""LERD"":0.010254479339074602,""LERM"":0.02583621276818568,""LER_err"":1.5195050781112815,""Tend"":628.0}",PASS,metrics computed from 04_current_runs/runs/RUN_0001_FD_YAW_AMP_SH_SY_R965_H058_07031325/input/qg_r001_center_yaw_fe6ed2b1.out
RUN_0002_FD_HEAVE_AMP_SH_SY_R965_H058_07031325,AMP_SH_SY_R965_H058_07031325,FD_HEAVE,curated,false,20.871429,20.719426,0.73362519,0.0025434819,0.0063011469,0.023512264,0.023512264,0.2242499,0.20683495,0.1700677,1.1700677,1.1700677,-8.2867,-9.696,-8.2962,-4.806,-0.05,,0.37117164,0.1071417,0.20683495,"{""Surge"":0.14349204912690433,""Sway"":0.41687262508356815,""Roll"":0.8288368887792877,""Pitch"":0.43038044369598455,""Yaw"":0.2644876480485538}","{""Surge"":0.694133163574395,""Sway"":0.3830351608671329,""Roll"":0.23088104002761986,""Pitch"":0.08142292151490593,""Yaw"":0.09687871817782223}","{""J_wave"":0.023512264086936963,""J_shape"":0.22424990072749795,""env_err"":0.3711716431942263,""fp_err"":0.20683495461932205,""LERD"":0.0029834655567953176,""LERM"":0.0033031191376216257,""LER_err"":0.10714170307689533,""Tend"":399.8}",PASS,metrics computed from 04_current_runs/runs/RUN_0002_FD_HEAVE_AMP_SH_SY_R965_H058_07031325/input/qg_r001_center_heave_adcda246.out
RUN_0001_FD_SWAY_BQIC_SWAY_0703140207_F110_I100,BQIC_SWAY_0703140207_F110_I100,FD_SWAY,curated,false,82.806818,79.430459,4.2507113,0.014336001,0.023182848,0.040378993,0.040378993,0.83034663,0.018844034,0.023951184,0.97604882,0.97604882,-15.1099,-14.748,-15.02749,-12.09,-0.05,,0.31685679,0.72940337,0.018844034,"{""Surge"":0.29731846271331935,""Heave"":0.19266623977780442,""Roll"":0.3148283444707972,""Pitch"":0.15568712622237926,""Yaw"":0.49957447149722556}","{""Surge"":0.09911156186697814,""Heave"":0.018040555839837675,""Roll"":0.11940848210435888,""Pitch"":0.0384504331662194,""Yaw"":0.1166189583607766}","{""J_wave"":0.040378993196491915,""J_shape"":0.8303466252113229,""env_err"":0.3168567868333049,""fp_err"":0.018844033596932947,""LERD"":0.008732298675839493,""LERM"":0.002362930599398419,""LER_err"":0.7294033693629639,""Tend"":899.8}",PASS,metrics computed from 04_current_runs/runs/RUN_0001_FD_SWAY_BQIC_SWAY_0703140207_F110_I100/input/qg_r001_center_sway_ac064de6.out
RUN_0001_FD_SWAY_BQIC_SWAY_0703140207_F120_I100,BQIC_SWAY_0703140207_F120_I100,FD_SWAY,curated,false,84.216667,79.430459,6.0256583,0.019013334,0.023182848,0.051508215,0.051508215,1.1629693,0.026477998,0.021502459,0.97849754,0.97849754,-15.1099,-14.785,-15.02749,-12.09,-0.05,,0.30051087,0.81674074,0.026477998,"{""Surge"":0.34283549047565687,""Heave"":0.19193396948497404,""Roll"":0.32024981529610674,""Pitch"":0.12469019441038397,""Yaw"":0.40040802882661763}","{""Surge"":0.09911156186697814,""Heave"":0.018040555839837675,""Roll"":0.11940848210435888,""Pitch"":0.0384504331662194,""Yaw"":0.1166189583607766}","{""J_wave"":0.05150821476455478,""J_shape"":1.1629693030245105,""env_err"":0.3005108670032936,""fp_err"":0.026477998135550462,""LERD"":0.008732298675839493,""LERM"":0.0016002746365975787,""LER_err"":0.8167407350569426,""Tend"":899.8}",PASS,metrics computed from 04_current_runs/runs/RUN_0001_FD_SWAY_BQIC_SWAY_0703140207_F120_I100/input/qg_r001_center_sway_ac064de6.out
RUN_0001_FD_SWAY_BQIC_SWAY_0703142147_F103_I100,BQIC_SWAY_0703142147_F103_I100,FD_SWAY,curated,false,83.786364,79.430459,5.4839227,0.016831414,0.023182848,0.045287866,0.045287866,0.88553591,0.014844491,0.03235627,0.96764373,0.96764373,-15.1099,-14.621,-15.02749,-12.09,-0.05,,0.31832585,0.58861058,0.014844491,"{""Surge"":0.27384036824065894,""Heave"":0.19054245948301823,""Roll"":0.309077124436278,""Pitch"":0.14264829905055323,""Yaw"":0.41942206930354275}","{""Surge"":0.09911156186697814,""Heave"":0.018040555839837675,""Roll"":0.11940848210435888,""Pitch"":0.0384504331662194,""Yaw"":0.1166189583607766}","{""J_wave"":0.04528786560824628,""J_shape"":0.8855359093393711,""env_err"":0.3183258486512204,""fp_err"":0.01484449101833841,""LERD"":0.008732298675839493,""LERM"":0.0035923753300604977,""LER_err"":0.5886105751284166,""Tend"":899.8}",PASS,metrics computed from 04_current_runs/runs/RUN_0001_FD_SWAY_BQIC_SWAY_0703142147_F103_I100/input/qg_r001_center_sway_ac064de6.out
RUN_0001_FD_SWAY_BQIC_SWAY_0703142147_F105_I100,BQIC_SWAY_0703142147_F105_I100,FD_SWAY,curated,false,81.66,79.430459,2.8069098,0.021047413,0.023182848,0.058153099,0.058153099,1.421706,0.014684229,0.020575914,0.97942409,0.97942409,-15.1099,-14.799,-15.02749,-12.09,-0.05,,0.29449114,0.75107976,0.014684229,"{""Surge"":0.344507543387746,""Heave"":0.18648050987501577,""Roll"":0.31027576153687,""Pitch"":0.15217147491292884,""Yaw"":0.46032054558231145}","{""Surge"":0.09911156186697814,""Heave"":0.018040555839837675,""Roll"":0.11940848210435888,""Pitch"":0.0384504331662194,""Yaw"":0.1166189583607766}","{""J_wave"":0.05815309910168522,""J_shape"":1.4217059546699695,""env_err"":0.29449114303448676,""fp_err"":0.014684228957814375,""LERD"":0.008732298675839493,""LERM"":0.015290951483158732,""LER_err"":0.7510797615598865,""Tend"":899.8}",PASS,metrics computed from 04_current_runs/runs/RUN_0001_FD_SWAY_BQIC_SWAY_0703142147_F105_I100/input/qg_r001_center_sway_ac064de6.out
RUN_0001_FD_SURGE_BQIC_SURGE_0703144129_F110_I100,BQIC_SURGE_0703144129_F110_I100,FD_SURGE,curated,false,88.569444,82.763612,7.0149573,0.015659722,0.020242479,0.035495946,0.035495946,0.83689564,0.15563859,0.16512333,0.83487667,0.83487667,-23.215405,-19.382,-23.35351,-16.25,-0.05,,0.32899103,3.3275439,0.15563859,"{""Sway"":0.17830038136089962,""Heave"":0.15845984328550805,""Roll"":0.1920195462510317,""Pitch"":0.08087480014277673,""Yaw"":0.1797308617836508}","{""Sway"":0.15896017090110728,""Heave"":0.01968059507325694,""Roll"":0.03291602612100948,""Pitch"":0.10723769417504003,""Yaw"":0.03816688415976064}","{""J_wave"":0.03549594617804887,""J_shape"":0.8368956439280216,""env_err"":0.32899102916576156,""fp_err"":0.1556385919316507,""LERD"":0.003995852928715648,""LERM"":0.0172922291528722,""LER_err"":3.327543946526153,""Tend"":740.9499999999999}",PASS,metrics computed from 04_current_runs/runs/RUN_0001_FD_SURGE_BQIC_SURGE_0703144129_F110_I100/input/qg_r001_center_surge_9d3daf69.out
RUN_0001_FD_SURGE_BQIC_SURGE_0703144129_F120_I100,BQIC_SURGE_0703144129_F120_I100,FD_SURGE,curated,false,69.191429,82.763612,16.398733,0.0096179594,0.020242479,0.036319062,0.036319062,0.85061829,0.16180976,0.17330755,0.82669245,0.82669245,-23.215405,-19.192,-23.35351,-16.25,-0.05,,0.34013354,1.488764,0.16180976,"{""Sway"":0.15818043190391198,""Heave"":0.1601108996061564,""Roll"":0.18975073339033197,""Pitch"":0.06344290027958738,""Yaw"":0.17711427574691155}","{""Sway"":0.15896017090110728,""Heave"":0.01968059507325694,""Roll"":0.03291602612100948,""Pitch"":0.10723769417504003,""Yaw"":0.03816688415976064}","{""J_wave"":0.0363190622873801,""J_shape"":0.8506182940088143,""env_err"":0.34013354301326804,""fp_err"":0.16180976304650765,""LERD"":0.003995852928715648,""LERM"":0.00994473472437799,""LER_err"":1.4887639514736692,""Tend"":740.9499999999999}",PASS,metrics computed from 04_current_runs/runs/RUN_0001_FD_SURGE_BQIC_SURGE_0703144129_F120_I100/input/qg_r001_center_surge_9d3daf69.out
RUN_0001_FD_SURGE_BQIC_SURGE_0703150041_F080_I100,BQIC_SURGE_0703150041_F080_I100,FD_SURGE,curated,false,92.066667,82.763612,11.240513,0.014118212,0.020242479,0.026964425,0.026964425,0.6418406,0.15310594,0.16495103,0.83504897,0.83504897,-23.215405,-19.386,-23.35351,-16.25,-0.05,,0.30304006,0.58983427,0.15310594,"{""Sway"":0.17732089647959043,""Heave"":0.1520934700317278,""Roll"":0.1861263717508946,""Pitch"":0.059897784530812265,""Yaw"":0.14041899032805372}","{""Sway"":0.15896017090110728,""Heave"":0.01968059507325694,""Roll"":0.03291602612100948,""Pitch"":0.10723769417504003,""Yaw"":0.03816688415976064}","{""J_wave"":0.026964425396980428,""J_shape"":0.64184060396277,""env_err"":0.30304006252434323,""fp_err"":0.1531059362681952,""LERD"":0.003995852928715648,""LERM"":0.006352743914460785,""LER_err"":0.5898342676247326,""Tend"":740.9499999999999}",PASS,metrics computed from 04_current_runs/runs/RUN_0001_FD_SURGE_BQIC_SURGE_0703150041_F080_I100/input/qg_r001_center_surge_9d3daf69.out
RUN_0001_FD_SURGE_BQIC_SURGE_0703150041_F090_I100,BQIC_SURGE_0703150041_F090_I100,FD_SURGE,curated,false,85.242305,82.763612,2.9949062,0.014163187,0.020242479,0.030612678,0.030612678,0.69652513,0.13456175,0.15741293,0.84258707,0.84258707,-23.215405,-19.561,-23.35351,-16.25,-0.05,,0.3169882,2.2028712,0.13456175,"{""Sway"":0.12927019525136968,""Heave"":0.15538116722114698,""Roll"":0.19249462309911947,""Pitch"":0.08570259817029476,""Yaw"":0.12666541980339338}","{""Sway"":0.15896017090110728,""Heave"":0.01968059507325694,""Roll"":0.03291602612100948,""Pitch"":0.10723769417504003,""Yaw"":0.03816688415976064}","{""J_wave"":0.030612678425986597,""J_shape"":0.6965251314975899,""env_err"":0.3169881957041453,""fp_err"":0.13456174751459068,""LERD"":0.003995852928715648,""LERM"":0.012798202167023475,""LER_err"":2.2028711755257437,""Tend"":740.9499999999999}",PASS,metrics computed from 04_current_runs/runs/RUN_0001_FD_SURGE_BQIC_SURGE_0703150041_F090_I100/input/qg_r001_center_surge_9d3daf69.out
RUN_0001_FD_SWAY_BQIC_SWAY_0704014701_F095_I076,BQIC_SWAY_0704014701_F095_I076,FD_SWAY,curated,false,83.818571,79.430459,5.5244711,0.014664862,0.023182848,0.048116847,0.048116847,1.1218185,0.014081815,0.079874784,0.92012522,0.92012522,-15.1099,-13.903,-15.02749,-11.48,-0.05,,0.3307437,0.14315578,0.014081815,"{""Surge"":0.28054234029977454,""Heave"":0.19887968682017912,""Roll"":0.3325669690446738,""Pitch"":0.1303515386471254,""Yaw"":0.4725896269882855}","{""Surge"":0.09911156186697814,""Heave"":0.018040555839837675,""Roll"":0.11940848210435888,""Pitch"":0.0384504331662194,""Yaw"":0.1166189583607766}","{""J_wave"":0.048116846760529915,""J_shape"":1.1218185005884573,""env_err"":0.33074369901138784,""fp_err"":0.014081815486043486,""LERD"":0.008732298675839493,""LERM"":0.007482219656907073,""LER_err"":0.14315577894640003,""Tend"":899.8}",PASS,metrics computed from 04_current_runs/runs/RUN_0001_FD_SWAY_BQIC_SWAY_0704014701_F095_I076/input/qg_r001_center_sway_ac064de6.out
RUN_0001_FD_SWAY_BQIC_SWAY_0704014701_F100_I076,BQIC_SWAY_0704014701_F100_I076,FD_SWAY,curated,false,77.606838,79.430459,2.2958713,0.021908743,0.023182848,0.033658921,0.033658921,0.58623007,0.066126301,0.092118412,0.90788159,0.90788159,-15.1099,-13.718,-15.02749,-11.48,-0.05,,0.28441605,0.73593273,0.066126301,"{""Surge"":0.2749980432277335,""Heave"":0.19634165078940377,""Roll"":0.3261092349815908,""Pitch"":0.1406273981135875,""Yaw"":0.45857139589715196}","{""Surge"":0.09911156186697814,""Heave"":0.018040555839837675,""Roll"":0.11940848210435888,""Pitch"":0.0384504331662194,""Yaw"":0.1166189583607766}","{""J_wave"":0.03365892130986062,""J_shape"":0.5862300681653849,""env_err"":0.28441604626270883,""fp_err"":0.06612630106538947,""LERD"":0.008732298675839493,""LERM"":0.002305914241013805,""LER_err"":0.735932733566042,""Tend"":899.8}",PASS,metrics computed from 04_current_runs/runs/RUN_0001_FD_SWAY_BQIC_SWAY_0704014701_F100_I076/input/qg_r001_center_sway_ac064de6.out
RUN_0001_FD_SWAY_BQIC_SWAY_0704014701_F105_I076,BQIC_SWAY_0704014701_F105_I076,FD_SWAY,curated,false,83.268102,79.430459,4.83145,0.014430549,0.023182848,0.043614691,0.043614691,0.85446328,0.040349686,0.091390413,0.90860959,0.90860959,-15.1099,-13.729,-15.02749,-11.48,-0.05,,0.35242988,0.8473878,0.040349686,"{""Surge"":0.2281755669904349,""Heave"":0.20764339307044266,""Roll"":0.34147084491833357,""Pitch"":0.172981073449822,""Yaw"":0.5002472692949476}","{""Surge"":0.09911156186697814,""Heave"":0.018040555839837675,""Roll"":0.11940848210435888,""Pitch"":0.0384504331662194,""Yaw"":0.1166189583607766}","{""J_wave"":0.043614690981763245,""J_shape"":0.8544632836504822,""env_err"":0.3524298833697216,""fp_err"":0.040349686347005725,""LERD"":0.008732298675839493,""LERM"":0.0013326553499574225,""LER_err"":0.8473877956505759,""Tend"":899.8}",PASS,metrics computed from 04_current_runs/runs/RUN_0001_FD_SWAY_BQIC_SWAY_0704014701_F105_I076/input/qg_r001_center_sway_ac064de6.out
RUN_0001_FD_SWAY_BQIC_SWAY_0704021626_F098_I076,BQIC_SWAY_0704021626_F098_I076,FD_SWAY,curated,false,81.986429,79.430459,3.2178713,0.015828186,0.023182848,0.04092796,0.04092796,0.83530178,0.052041161,0.08047042,0.91952958,0.91952958,-15.1099,-13.894,-15.02749,-11.48,-0.05,,0.31850761,1.2257595,0.052041161,"{""Surge"":0.2183033477915202,""Heave"":0.20114150132031672,""Roll"":0.32405578744843766,""Pitch"":0.15449406649131323,""Yaw"":0.4570747669736253}","{""Surge"":0.09911156186697814,""Heave"":0.018040555839837675,""Roll"":0.11940848210435888,""Pitch"":0.0384504331662194,""Yaw"":0.1166189583607766}","{""J_wave"":0.04092795956520697,""J_shape"":0.8353017792354723,""env_err"":0.31850761409475437,""fp_err"":0.05204116119508203,""LERD"":0.008732298675839493,""LERM"":0.019435996912985865,""LER_err"":1.2257595204297516,""Tend"":899.8}",PASS,metrics computed from 04_current_runs/runs/RUN_0001_FD_SWAY_BQIC_SWAY_0704021626_F098_I076/input/qg_r001_center_sway_ac064de6.out
RUN_0002_FD_SWAY_BQIC_SWAY_0704021626_F098_I076,BQIC_SWAY_0704021626_F098_I076,FD_SWAY,curated,false,81.37,79.430459,2.4418106,0.02061747,0.023182848,0.0474176,0.0474176,1.0071898,0.038757868,0.077028968,0.92297103,0.92297103,-15.1099,-13.946,-15.02749,-11.48,-0.05,,0.27723476,0.65878327,0.038757868,"{""Surge"":0.3299732312879825,""Heave"":0.18926858464473323,""Roll"":0.31067684655647493,""Pitch"":0.1277381070173938,""Yaw"":0.4130609674266176}","{""Surge"":0.09911156186697814,""Heave"":0.018040555839837675,""Roll"":0.11940848210435888,""Pitch"":0.0384504331662194,""Yaw"":0.1166189583607766}","{""J_wave"":0.04741760027065025,""J_shape"":1.0071898245955073,""env_err"":0.2772347606446554,""fp_err"":0.03875786812696195,""LERD"":0.008732298675839493,""LERM"":0.0029796064215881096,""LER_err"":0.6587832674766292,""Tend"":899.8}",PASS,metrics computed from 04_current_runs/runs/RUN_0002_FD_SWAY_BQIC_SWAY_0704021626_F098_I076/input/qg_r001_center_sway_ac064de6.out
RUN_0001_FD_SWAY_BQIC_SWAY_0704021626_F099_I076,BQIC_SWAY_0704021626_F099_I076,FD_SWAY,curated,false,84.195833,79.430459,5.9994299,0.019392521,0.023182848,0.048638928,0.048638928,1.1175346,0.073112374,0.089206414,0.91079359,0.91079359,-15.1099,-13.762,-15.02749,-11.48,-0.05,,0.29519599,0.72529492,0.073112374,"{""Surge"":0.3085800700814861,""Heave"":0.19610687101973817,""Roll"":0.32219800000957094,""Pitch"":0.12602883552328475,""Yaw"":0.409337889982643}","{""Surge"":0.09911156186697814,""Heave"":0.018040555839837675,""Roll"":0.11940848210435888,""Pitch"":0.0384504331662194,""Yaw"":0.1166189583607766}","{""J_wave"":0.0486389277022947,""J_shape"":1.1175346288781605,""env_err"":0.29519599421333514,""fp_err"":0.07311237384678561,""LERD"":0.008732298675839493,""LERM"":0.0023988068168154524,""LER_err"":0.7252949187992772,""Tend"":899.8}",PASS,metrics computed from 04_current_runs/runs/RUN_0001_FD_SWAY_BQIC_SWAY_0704021626_F099_I076/input/qg_r001_center_sway_ac064de6.out
RUN_0001_FD_SWAY_SWAY_TTDSS_N2_07040305,SWAY_TTDSS_N2_07040305,FD_SWAY,curated,false,81.4,79.430459,2.4795794,0.013087978,0.023182848,0.044253822,0.044253822,0.93028707,0.023367543,0.01594319,0.98405681,0.98405681,-15.1099,-14.869,-15.02749,-12.09,-0.05,,0.2845136,0.056140251,0.023367543,"{""Surge"":0.3057162178320112,""Heave"":0.18174100185556755,""Roll"":0.2387839676647434,""Pitch"":0.13109036736519702,""Yaw"":0.4087623814380954}","{""Surge"":0.09911156186697814,""Heave"":0.018040555839837675,""Roll"":0.11940848210435888,""Pitch"":0.0384504331662194,""Yaw"":0.1166189583607766}","{""J_wave"":0.0442538217597552,""J_shape"":0.9302870742843006,""env_err"":0.2845136019630128,""fp_err"":0.02336754316921068,""LERD"":0.008732298675839493,""LERM"":0.00824206523224549,""LER_err"":0.05614025147243075,""Tend"":899.8}",PASS,metrics computed from 04_current_runs/runs/RUN_0001_FD_SWAY_SWAY_TTDSS_N2_07040305/input/qg_r001_center_sway_ac064de6.out
RUN_0001_FD_SWAY_SWAY_TTDSS_P2_07040305,SWAY_TTDSS_P2_07040305,FD_SWAY,curated,false,81.082381,79.430459,2.0797089,0.013584558,0.023182848,0.040485232,0.040485232,0.72087677,0.022537194,0.02454682,0.97545318,0.97545318,-15.1099,-14.739,-15.02749,-12.09,-0.05,,0.33286853,0.65767369,0.022537194,"{""Surge"":0.2998166455093804,""Heave"":0.1933467118990984,""Roll"":0.3168280697109659,""Pitch"":0.16055541086437186,""Yaw"":0.4501739001125106}","{""Surge"":0.09911156186697814,""Heave"":0.018040555839837675,""Roll"":0.11940848210435888,""Pitch"":0.0384504331662194,""Yaw"":0.1166189583607766}","{""J_wave"":0.040485232016453196,""J_shape"":0.7208767683538226,""env_err"":0.3328685343436367,""fp_err"":0.022537194196296993,""LERD"":0.008732298675839493,""LERM"":0.0029892955577950522,""LER_err"":0.6576736929457269,""Tend"":899.8}",PASS,metrics computed from 04_current_runs/runs/RUN_0001_FD_SWAY_SWAY_TTDSS_P2_07040305/input/qg_r001_center_sway_ac064de6.out
RUN_0001_FD_SWAY_SWAY_TTDSS_N1_07040323,SWAY_TTDSS_N1_07040323,FD_SWAY,curated,false,83.610039,79.430459,5.261936,0.013865991,0.023182848,0.048466399,0.048466399,1.0445479,0.019771186,0.023024639,0.97697536,0.97697536,-15.1099,-14.762,-15.02749,-12.09,-0.05,,0.31094848,0.20748143,0.019771186,"{""Surge"":0.3286244463483885,""Heave"":0.19059210874750493,""Roll"":0.2847159308981669,""Pitch"":0.13351504220927407,""Yaw"":0.4337461981544486}","{""Surge"":0.09911156186697814,""Heave"":0.018040555839837675,""Roll"":0.11940848210435888,""Pitch"":0.0384504331662194,""Yaw"":0.1166189583607766}","{""J_wave"":0.048466399199364935,""J_shape"":1.0445478858318882,""env_err"":0.3109484832447305,""fp_err"":0.019771186061446608,""LERD"":0.008732298675839493,""LERM"":0.0069205088843785146,""LER_err"":0.20748142713829007,""Tend"":899.8}",PASS,metrics computed from 04_current_runs/runs/RUN_0001_FD_SWAY_SWAY_TTDSS_N1_07040323/input/qg_r001_center_sway_ac064de6.out
RUN_0001_FD_SWAY_SWAY_TTDSS_N3_07040323,SWAY_TTDSS_N3_07040323,FD_SWAY,curated,false,82.425,79.430459,3.7700164,0.015376788,0.023182848,0.049237421,0.049237421,1.089789,0.036111619,0.016274098,0.9837259,0.9837259,-15.1099,-14.864,-15.02749,-12.09,-0.05,,0.29957297,0.40930987,0.036111619,"{""Surge"":0.26860031181943833,""Heave"":0.18418651959340276,""Roll"":0.20266841004506736,""Pitch"":0.12641541353795338,""Yaw"":0.45611592675998475}","{""Surge"":0.09911156186697814,""Heave"":0.018040555839837675,""Roll"":0.11940848210435888,""Pitch"":0.0384504331662194,""Yaw"":0.1166189583607766}","{""J_wave"":0.04923742148871365,""J_shape"":1.0897889702791612,""env_err"":0.2995729707070599,""fp_err"":0.03611161910580227,""LERD"":0.008732298675839493,""LERM"":0.005158082661382628,""LER_err"":0.40930986755480536,""Tend"":899.8}",PASS,metrics computed from 04_current_runs/runs/RUN_0001_FD_SWAY_SWAY_TTDSS_N3_07040323/input/qg_r001_center_sway_ac064de6.out
RUN_0001_FD_SURGE_AMP_SH_SY_R965_H058_SWTTD_N2_07040340,AMP_SH_SY_R965_H058_SWTTD_N2_07040340,FD_SURGE,curated,false,81.233333,82.763612,1.8489757,0.015076567,0.020242479,0.030248578,0.030248578,0.59001754,0.13034279,0.17546129,0.82453871,0.82453871,-23.215405,-19.142,-23.35351,-16.25,-0.05,,0.32766471,0.63369893,0.13034279,"{""Sway"":0.2489015869034002,""Heave"":0.15672441515496077,""Roll"":0.18951524636317846,""Pitch"":0.06223256604489145,""Yaw"":0.12811757058226744}","{""Sway"":0.15896017090110728,""Heave"":0.01968059507325694,""Roll"":0.03291602612100948,""Pitch"":0.10723769417504003,""Yaw"":0.03816688415976064}","{""J_wave"":0.03024857808842873,""J_shape"":0.5900175409793172,""env_err"":0.32766471022847815,""fp_err"":0.13034278694332171,""LERD"":0.003995852928715648,""LERM"":0.006528020645299744,""LER_err"":0.6336989278026277,""Tend"":740.9499999999999}",PASS,metrics computed from 04_current_runs/runs/RUN_0001_FD_SURGE_AMP_SH_SY_R965_H058_SWTTD_N2_07040340/input/qg_r001_center_surge_9d3daf69.out
RUN_0001_FD_SWAY_AMP_SH_SY_R965_H058_SWTTD_N2_07040340,AMP_SH_SY_R965_H058_SWTTD_N2_07040340,FD_SWAY,curated,false,81.4,79.430459,2.4795794,0.013087978,0.023182848,0.044253822,0.044253822,0.93028707,0.023367543,0.01594319,0.98405681,0.98405681,-15.1099,-14.869,-15.02749,-12.09,-0.05,,0.2845136,0.056140251,0.023367543,"{""Surge"":0.3057162178320112,""Heave"":0.18174100185556755,""Roll"":0.2387839676647434,""Pitch"":0.13109036736519702,""Yaw"":0.4087623814380954}","{""Surge"":0.09911156186697814,""Heave"":0.018040555839837675,""Roll"":0.11940848210435888,""Pitch"":0.0384504331662194,""Yaw"":0.1166189583607766}","{""J_wave"":0.0442538217597552,""J_shape"":0.9302870742843006,""env_err"":0.2845136019630128,""fp_err"":0.02336754316921068,""LERD"":0.008732298675839493,""LERM"":0.00824206523224549,""LER_err"":0.05614025147243075,""Tend"":899.8}",PASS,metrics computed from 04_current_runs/runs/RUN_0001_FD_SWAY_AMP_SH_SY_R965_H058_SWTTD_N2_07040340/input/qg_r001_center_sway_ac064de6.out
RUN_0001_FD_HEAVE_AMP_SH_SY_R965_H058_SWTTD_N2_07040340,AMP_SH_SY_R965_H058_SWTTD_N2_07040340,FD_HEAVE,curated,false,20.871429,20.719426,0.73362519,0.0025434819,0.0063011469,0.023512264,0.023512264,0.2242499,0.20683495,0.1700677,1.1700677,1.1700677,-8.2867,-9.696,-8.2962,-4.806,-0.05,,0.37117164,0.1071417,0.20683495,"{""Surge"":0.14349204912690433,""Sway"":0.41687262508356815,""Roll"":0.8288368887792877,""Pitch"":0.43038044369598455,""Yaw"":0.2644876480485538}","{""Surge"":0.694133163574395,""Sway"":0.3830351608671329,""Roll"":0.23088104002761986,""Pitch"":0.08142292151490593,""Yaw"":0.09687871817782223}","{""J_wave"":0.023512264086936963,""J_shape"":0.22424990072749795,""env_err"":0.3711716431942263,""fp_err"":0.20683495461932205,""LERD"":0.0029834655567953176,""LERM"":0.0033031191376216257,""LER_err"":0.10714170307689533,""Tend"":399.8}",PASS,metrics computed from 04_current_runs/runs/RUN_0001_FD_HEAVE_AMP_SH_SY_R965_H058_SWTTD_N2_07040340/input/qg_r001_center_heave_adcda246.out
RUN_0001_FD_ROLL_AMP_SH_SY_R965_H058_SWTTD_N2_07040340,AMP_SH_SY_R965_H058_SWTTD_N2_07040340,FD_ROLL,curated,false,31.566287,31.040392,1.694227,0.025761193,0.02049542,0.04483199,0.04483199,0.95263,0.24616118,0.19309212,1.1930921,1.1930921,11.95968,14.269,11.97218,16.89,-0.05,,0.20277012,0.038351677,0.24616118,"{""Surge"":0.26217204434501146,""Sway"":0.46207430386554416,""Heave"":0.24445984105211271,""Pitch"":0.14732376194843483,""Yaw"":0.2213939304623279}","{""Surge"":0.13004178340036146,""Sway"":0.2811231135878405,""Heave"":0.032594922860306255,""Pitch"":0.24847735333665472,""Yaw"":0.10705157585119539}","{""J_wave"":0.04483199012274064,""J_shape"":0.9526300015045943,""env_err"":0.2027701168789397,""fp_err"":0.24616118187863814,""LERD"":0.006503664007973453,""LERM"":0.006753090426886677,""LER_err"":0.03835167662527289,""Tend"":519.8}",PASS,metrics computed from 04_current_runs/runs/RUN_0001_FD_ROLL_AMP_SH_SY_R965_H058_SWTTD_N2_07040340/input/qg_r001_center_roll_38d48f80.out
RUN_0001_FD_PITCH_AMP_SH_SY_R965_H058_SWTTD_N2_07040340,AMP_SH_SY_R965_H058_SWTTD_N2_07040340,FD_PITCH,curated,false,30.73641,30.598882,0.44945173,0.020101855,0.025569995,0.014083946,0.014083946,0.16482007,0.15431191,0.16161286,1.1616129,1.1616129,-9.03115,-10.4907,-9.028615,-9.679,-0.05,,0.13842681,0.85497007,0.15431191,"{""Surge"":0.46349418380491014,""Sway"":0.1427956476570348,""Heave"":0.2849441453767441,""Roll"":0.34124582835613526,""Yaw"":0.22108797343740516}","{""Surge"":0.3652553627158409,""Sway"":0.11511580438120428,""Heave"":0.09709203619753709,""Roll"":0.24451383619627762,""Yaw"":0.12733165013806358}","{""J_wave"":0.014083945710940987,""J_shape"":0.16482007279838723,""env_err"":0.13842681169967985,""fp_err"":0.1543119086633251,""LERD"":0.013125939777430977,""LERM"":0.024348225402297658,""LER_err"":0.8549700680603853,""Tend"":484.68}",PASS,metrics computed from 04_current_runs/runs/RUN_0001_FD_PITCH_AMP_SH_SY_R965_H058_SWTTD_N2_07040340/input/qg_r001_center_pitch_e18abe27.out
RUN_0001_FD_YAW_AMP_SH_SY_R965_H058_SWTTD_N2_07040340,AMP_SH_SY_R965_H058_SWTTD_N2_07040340,FD_YAW,curated,false,50.109617,50.687273,1.1396468,0.021018588,0.024700713,0.024368609,0.024368609,0.40709754,0.18320689,0.19034856,0.80965144,0.80965144,-18.0201,-14.59,-17.8903,-15.14,-0.05,,0.25406262,1.5195051,0.18320689,"{""Surge"":0.4811270687063301,""Sway"":0.16791963582763608,""Heave"":0.1963749984823769,""Roll"":0.2508657524147329,""Pitch"":0.09630232197735512}","{""Surge"":0.1667131756781034,""Sway"":0.06151291011602063,""Heave"":0.00833951391833249,""Roll"":0.08748756161027149,""Pitch"":0.06650130575791667}","{""J_wave"":0.024368609393510765,""J_shape"":0.407097535320232,""env_err"":0.2540626249767134,""fp_err"":0.18320689007725435,""LERD"":0.010254479339074602,""LERM"":0.02583621276818568,""LER_err"":1.5195050781112815,""Tend"":628.0}",PASS,metrics computed from 04_current_runs/runs/RUN_0001_FD_YAW_AMP_SH_SY_R965_H058_SWTTD_N2_07040340/input/qg_r001_center_yaw_fe6ed2b1.out
RUN_0002_FD_SWAY_AMP_SH_SY_R965_H058_SWTTD_N2_07040340,AMP_SH_SY_R965_H058_SWTTD_N2_07040340,FD_SWAY,curated,false,81.4,79.430459,2.4795794,0.013087978,0.023182848,0.044253822,0.044253822,0.93028707,0.023367543,0.01594319,0.98405681,0.98405681,-15.1099,-14.869,-15.02749,-12.09,-0.05,,0.2845136,0.056140251,0.023367543,"{""Surge"":0.3057162178320112,""Heave"":0.18174100185556755,""Roll"":0.2387839676647434,""Pitch"":0.13109036736519702,""Yaw"":0.4087623814380954}","{""Surge"":0.09911156186697814,""Heave"":0.018040555839837675,""Roll"":0.11940848210435888,""Pitch"":0.0384504331662194,""Yaw"":0.1166189583607766}","{""J_wave"":0.0442538217597552,""J_shape"":0.9302870742843006,""env_err"":0.2845136019630128,""fp_err"":0.02336754316921068,""LERD"":0.008732298675839493,""LERM"":0.00824206523224549,""LER_err"":0.05614025147243075,""Tend"":899.8}",PASS,metrics computed from 04_current_runs/runs/RUN_0002_FD_SWAY_AMP_SH_SY_R965_H058_SWTTD_N2_07040340/input/qg_r001_center_sway_ac064de6.out
RUN_0001_FD_HEAVE_BQIC_HEAVE_0704040637_F100_I054,BQIC_HEAVE_0704040637_F100_I054,FD_HEAVE,curated,false,20.879211,20.719426,0.77118849,0.0027998432,0.0063011469,0.02312193,0.02312193,0.22512211,0.16373113,0.13024485,1.1302449,1.1302449,-8.2867,-9.366,-8.2962,-4.475,-0.05,,0.36460503,0.17087403,0.16373113,"{""Surge"":0.15321498859556268,""Sway"":0.4224868603485933,""Roll"":0.8522852665884975,""Pitch"":0.4458128313643016,""Yaw"":0.27186003168458434}","{""Surge"":0.694133163574395,""Sway"":0.3830351608671329,""Roll"":0.23088104002761986,""Pitch"":0.08142292151490593,""Yaw"":0.09687871817782223}","{""J_wave"":0.02312192959064781,""J_shape"":0.22512211464968587,""env_err"":0.36460503049534926,""fp_err"":0.16373112820840646,""LERD"":0.0029834655567953176,""LERM"":0.003493262325251931,""LER_err"":0.17087402510663147,""Tend"":399.8}",PASS,metrics computed from 04_current_runs/runs/RUN_0001_FD_HEAVE_BQIC_HEAVE_0704040637_F100_I054/input/qg_r001_center_heave_adcda246.out
RUN_0001_FD_HEAVE_BQIC_HEAVE_0704040637_F100_I055,BQIC_HEAVE_0704040637_F100_I055,FD_HEAVE,curated,false,20.878571,20.719426,0.7680994,0.0027269312,0.0063011469,0.023201332,0.023201332,0.2262039,0.17440366,0.14014022,1.1401402,1.1401402,-8.2867,-9.448,-8.2962,-4.558,-0.05,,0.36610833,0.16995272,0.17440366,"{""Surge"":0.14400086935538364,""Sway"":0.4204772604904177,""Roll"":0.846732819460594,""Pitch"":0.43647180757874154,""Yaw"":0.2678741216443248}","{""Surge"":0.694133163574395,""Sway"":0.3830351608671329,""Roll"":0.23088104002761986,""Pitch"":0.08142292151490593,""Yaw"":0.09687871817782223}","{""J_wave"":0.023201332288513652,""J_shape"":0.22620390410832109,""env_err"":0.36610833364154693,""fp_err"":0.1744036604050862,""LERD"":0.0029834655567953176,""LERM"":0.003490513652007351,""LER_err"":0.1699527229523903,""Tend"":399.8}",PASS,metrics computed from 04_current_runs/runs/RUN_0001_FD_HEAVE_BQIC_HEAVE_0704040637_F100_I055/input/qg_r001_center_heave_adcda246.out
RUN_0001_FD_HEAVE_BQIC_HEAVE_0704040637_F100_I056,BQIC_HEAVE_0704040637_F100_I056,FD_HEAVE,curated,false,20.876984,20.719426,0.76043846,0.0026581327,0.0063011469,0.023288936,0.023288936,0.22433173,0.18521,0.15015627,1.1501563,1.1501563,-8.2867,-9.531,-8.2962,-4.641,-0.05,,0.36770495,0.15084572,0.18521,"{""Surge"":0.13974970618401553,""Sway"":0.41776414768003156,""Roll"":0.8404366915982022,""Pitch"":0.43674211057247697,""Yaw"":0.2673916788996645}","{""Surge"":0.694133163574395,""Sway"":0.3830351608671329,""Roll"":0.23088104002761986,""Pitch"":0.08142292151490593,""Yaw"":0.09687871817782223}","{""J_wave"":0.023288936409743777,""J_shape"":0.22433172872753013,""env_err"":0.3677049508538194,""fp_err"":0.18521000178418165,""LERD"":0.0029834655567953176,""LERM"":0.0034335085672513414,""LER_err"":0.15084572014950173,""Tend"":399.8}",PASS,metrics computed from 04_current_runs/runs/RUN_0001_FD_HEAVE_BQIC_HEAVE_0704040637_F100_I056/input/qg_r001_center_heave_adcda246.out
RUN_0001_FD_SWAY_BQIC_SWAY_0704041752_F095_I100,BQIC_SWAY_0704041752_F095_I100,FD_SWAY,curated,false,83.6125,79.430459,5.2650348,0.015299804,0.023182848,0.048842135,0.048842135,1.1545583,0.010914774,0.032488633,0.96751137,0.96751137,-15.1099,-14.619,-15.02749,-12.09,-0.05,,0.30196991,0.66790027,0.010914774,"{""Surge"":0.2534039878058075,""Heave"":0.18979031776873492,""Roll"":0.24799937053045315,""Pitch"":0.13149943763555133,""Yaw"":0.45232891348397447}","{""Surge"":0.09911156186697814,""Heave"":0.018040555839837675,""Roll"":0.11940848210435888,""Pitch"":0.0384504331662194,""Yaw"":0.1166189583607766}","{""J_wave"":0.04884213501393383,""J_shape"":1.154558326576882,""env_err"":0.3019699115137267,""fp_err"":0.010914773766611317,""LERD"":0.008732298675839493,""LERM"":0.002899994057074945,""LER_err"":0.6679002671886793,""Tend"":899.8}",PASS,metrics computed from 04_current_runs/runs/RUN_0001_FD_SWAY_BQIC_SWAY_0704041752_F095_I100/input/qg_r001_center_sway_ac064de6.out
RUN_0001_FD_SWAY_BQIC_SWAY_0704041752_F105_I100,BQIC_SWAY_0704041752_F105_I100,FD_SWAY,curated,false,83,79.430459,4.4939201,0.0158373,0.023182848,0.044999822,0.044999822,0.96899248,0.022527247,0.025804274,0.97419573,0.97419573,-15.1099,-14.72,-15.02749,-12.09,-0.05,,0.29464935,0.3729947,0.022527247,"{""Surge"":0.3492534987233562,""Heave"":0.186744146332772,""Roll"":0.2437744634980243,""Pitch"":0.14807496942654225,""Yaw"":0.39058772762196825}","{""Surge"":0.09911156186697814,""Heave"":0.018040555839837675,""Roll"":0.11940848210435888,""Pitch"":0.0384504331662194,""Yaw"":0.1166189583607766}","{""J_wave"":0.044999822261053056,""J_shape"":0.9689924843627006,""env_err"":0.2946493454925712,""fp_err"":0.022527247035689077,""LERD"":0.008732298675839493,""LERM"":0.005475197542502184,""LER_err"":0.3729947009656289,""Tend"":899.8}",PASS,metrics computed from 04_current_runs/runs/RUN_0001_FD_SWAY_BQIC_SWAY_0704041752_F105_I100/input/qg_r001_center_sway_ac064de6.out
RUN_0001_FD_SURGE_AMP_SH_SY_R965_H058_SWTTD_N2_07040340_BQIC_0704043815,AMP_SH_SY_R965_H058_SWTTD_N2_07040340_BQIC_0704043815,FD_SURGE,curated,false,81.233333,82.763612,1.8489757,0.015076567,0.020242479,0.030248578,0.030248578,0.59001754,0.13034279,0.17546129,0.82453871,0.82453871,-23.215405,-19.142,-23.35351,-16.25,-0.05,,0.32766471,0.63369893,0.13034279,"{""Sway"":0.2489015869034002,""Heave"":0.15672441515496077,""Roll"":0.18951524636317846,""Pitch"":0.06223256604489145,""Yaw"":0.12811757058226744}","{""Sway"":0.15896017090110728,""Heave"":0.01968059507325694,""Roll"":0.03291602612100948,""Pitch"":0.10723769417504003,""Yaw"":0.03816688415976064}","{""J_wave"":0.03024857808842873,""J_shape"":0.5900175409793172,""env_err"":0.32766471022847815,""fp_err"":0.13034278694332171,""LERD"":0.003995852928715648,""LERM"":0.006528020645299744,""LER_err"":0.6336989278026277,""Tend"":740.9499999999999}",PASS,metrics computed from 04_current_runs/runs/RUN_0001_FD_SURGE_AMP_SH_SY_R965_H058_SWTTD_N2_07040340_BQIC_0704043815/input/qg_r001_center_surge_9d3daf69.out
RUN_0001_FD_SWAY_AMP_SH_SY_R965_H058_SWTTD_N2_07040340_BQIC_0704043815,AMP_SH_SY_R965_H058_SWTTD_N2_07040340_BQIC_0704043815,FD_SWAY,curated,false,81.4,79.430459,2.4795794,0.013087978,0.023182848,0.044253822,0.044253822,0.93028707,0.023367543,0.01594319,0.98405681,0.98405681,-15.1099,-14.869,-15.02749,-12.09,-0.05,,0.2845136,0.056140251,0.023367543,"{""Surge"":0.3057162178320112,""Heave"":0.18174100185556755,""Roll"":0.2387839676647434,""Pitch"":0.13109036736519702,""Yaw"":0.4087623814380954}","{""Surge"":0.09911156186697814,""Heave"":0.018040555839837675,""Roll"":0.11940848210435888,""Pitch"":0.0384504331662194,""Yaw"":0.1166189583607766}","{""J_wave"":0.0442538217597552,""J_shape"":0.9302870742843006,""env_err"":0.2845136019630128,""fp_err"":0.02336754316921068,""LERD"":0.008732298675839493,""LERM"":0.00824206523224549,""LER_err"":0.05614025147243075,""Tend"":899.8}",PASS,metrics computed from 04_current_runs/runs/RUN_0001_FD_SWAY_AMP_SH_SY_R965_H058_SWTTD_N2_07040340_BQIC_0704043815/input/qg_r001_center_sway_ac064de6.out
RUN_0001_FD_HEAVE_AMP_SH_SY_R965_H058_SWTTD_N2_07040340_BQIC_0704043815,AMP_SH_SY_R965_H058_SWTTD_N2_07040340_BQIC_0704043815,FD_HEAVE,curated,false,20.879211,20.719426,0.77118849,0.0027998432,0.0063011469,0.02312193,0.02312193,0.22512211,0.16373113,0.13024485,1.1302449,1.1302449,-8.2867,-9.366,-8.2962,-4.475,-0.05,,0.36460503,0.17087403,0.16373113,"{""Surge"":0.15321498859556268,""Sway"":0.4224868603485933,""Roll"":0.8522852665884975,""Pitch"":0.4458128313643016,""Yaw"":0.27186003168458434}","{""Surge"":0.694133163574395,""Sway"":0.3830351608671329,""Roll"":0.23088104002761986,""Pitch"":0.08142292151490593,""Yaw"":0.09687871817782223}","{""J_wave"":0.02312192959064781,""J_shape"":0.22512211464968587,""env_err"":0.36460503049534926,""fp_err"":0.16373112820840646,""LERD"":0.0029834655567953176,""LERM"":0.003493262325251931,""LER_err"":0.17087402510663147,""Tend"":399.8}",PASS,metrics computed from 04_current_runs/runs/RUN_0001_FD_HEAVE_AMP_SH_SY_R965_H058_SWTTD_N2_07040340_BQIC_0704043815/input/qg_r001_center_heave_adcda246.out
RUN_0001_FD_ROLL_AMP_SH_SY_R965_H058_SWTTD_N2_07040340_BQIC_0704043815,AMP_SH_SY_R965_H058_SWTTD_N2_07040340_BQIC_0704043815,FD_ROLL,curated,false,31.566287,31.040392,1.694227,0.025761193,0.02049542,0.04483199,0.04483199,0.95263,0.24616118,0.19309212,1.1930921,1.1930921,11.95968,14.269,11.97218,16.89,-0.05,,0.20277012,0.038351677,0.24616118,"{""Surge"":0.26217204434501146,""Sway"":0.46207430386554416,""Heave"":0.24445984105211271,""Pitch"":0.14732376194843483,""Yaw"":0.2213939304623279}","{""Surge"":0.13004178340036146,""Sway"":0.2811231135878405,""Heave"":0.032594922860306255,""Pitch"":0.24847735333665472,""Yaw"":0.10705157585119539}","{""J_wave"":0.04483199012274064,""J_shape"":0.9526300015045943,""env_err"":0.2027701168789397,""fp_err"":0.24616118187863814,""LERD"":0.006503664007973453,""LERM"":0.006753090426886677,""LER_err"":0.03835167662527289,""Tend"":519.8}",PASS,metrics computed from 04_current_runs/runs/RUN_0001_FD_ROLL_AMP_SH_SY_R965_H058_SWTTD_N2_07040340_BQIC_0704043815/input/qg_r001_center_roll_38d48f80.out
RUN_0001_FD_PITCH_AMP_SH_SY_R965_H058_SWTTD_N2_07040340_BQIC_0704043815,AMP_SH_SY_R965_H058_SWTTD_N2_07040340_BQIC_0704043815,FD_PITCH,curated,false,30.73641,30.598882,0.44945173,0.020101855,0.025569995,0.014083946,0.014083946,0.16482007,0.15431191,0.16161286,1.1616129,1.1616129,-9.03115,-10.4907,-9.028615,-9.679,-0.05,,0.13842681,0.85497007,0.15431191,"{""Surge"":0.46349418380491014,""Sway"":0.1427956476570348,""Heave"":0.2849441453767441,""Roll"":0.34124582835613526,""Yaw"":0.22108797343740516}","{""Surge"":0.3652553627158409,""Sway"":0.11511580438120428,""Heave"":0.09709203619753709,""Roll"":0.24451383619627762,""Yaw"":0.12733165013806358}","{""J_wave"":0.014083945710940987,""J_shape"":0.16482007279838723,""env_err"":0.13842681169967985,""fp_err"":0.1543119086633251,""LERD"":0.013125939777430977,""LERM"":0.024348225402297658,""LER_err"":0.8549700680603853,""Tend"":484.68}",PASS,metrics computed from 04_current_runs/runs/RUN_0001_FD_PITCH_AMP_SH_SY_R965_H058_SWTTD_N2_07040340_BQIC_0704043815/input/qg_r001_center_pitch_e18abe27.out
RUN_0001_FD_YAW_AMP_SH_SY_R965_H058_SWTTD_N2_07040340_BQIC_0704043815,AMP_SH_SY_R965_H058_SWTTD_N2_07040340_BQIC_0704043815,FD_YAW,curated,false,50.109617,50.687273,1.1396468,0.021018588,0.024700713,0.024368609,0.024368609,0.40709754,0.18320689,0.19034856,0.80965144,0.80965144,-18.0201,-14.59,-17.8903,-15.14,-0.05,,0.25406262,1.5195051,0.18320689,"{""Surge"":0.4811270687063301,""Sway"":0.16791963582763608,""Heave"":0.1963749984823769,""Roll"":0.2508657524147329,""Pitch"":0.09630232197735512}","{""Surge"":0.1667131756781034,""Sway"":0.06151291011602063,""Heave"":0.00833951391833249,""Roll"":0.08748756161027149,""Pitch"":0.06650130575791667}","{""J_wave"":0.024368609393510765,""J_shape"":0.407097535320232,""env_err"":0.2540626249767134,""fp_err"":0.18320689007725435,""LERD"":0.010254479339074602,""LERM"":0.02583621276818568,""LER_err"":1.5195050781112815,""Tend"":628.0}",PASS,metrics computed from 04_current_runs/runs/RUN_0001_FD_YAW_AMP_SH_SY_R965_H058_SWTTD_N2_07040340_BQIC_0704043815/input/qg_r001_center_yaw_fe6ed2b1.out
RUN_0002_FD_HEAVE_AMP_SH_SY_R965_H058_SWTTD_N2_07040340_BQIC_0704043815,AMP_SH_SY_R965_H058_SWTTD_N2_07040340_BQIC_0704043815,FD_HEAVE,curated,false,20.879211,20.719426,0.77118849,0.0027998432,0.0063011469,0.02312193,0.02312193,0.22512211,0.16373113,0.13024485,1.1302449,1.1302449,-8.2867,-9.366,-8.2962,-4.475,-0.05,,0.36460503,0.17087403,0.16373113,"{""Surge"":0.15321498859556268,""Sway"":0.4224868603485933,""Roll"":0.8522852665884975,""Pitch"":0.4458128313643016,""Yaw"":0.27186003168458434}","{""Surge"":0.694133163574395,""Sway"":0.3830351608671329,""Roll"":0.23088104002761986,""Pitch"":0.08142292151490593,""Yaw"":0.09687871817782223}","{""J_wave"":0.02312192959064781,""J_shape"":0.22512211464968587,""env_err"":0.36460503049534926,""fp_err"":0.16373112820840646,""LERD"":0.0029834655567953176,""LERM"":0.003493262325251931,""LER_err"":0.17087402510663147,""Tend"":399.8}",PASS,metrics computed from 04_current_runs/runs/RUN_0002_FD_HEAVE_AMP_SH_SY_R965_H058_SWTTD_N2_07040340_BQIC_0704043815/input/qg_r001_center_heave_adcda246.out
RUN_0001_FD_HEAVE_BQIC_HEAVE_0704051950_F100_I048,BQIC_HEAVE_0704051950_F100_I048,FD_HEAVE,curated,false,20.896326,20.719426,0.85379066,0.0031729385,0.0063011469,0.023056409,0.023056409,0.2301956,0.099117616,0.070148551,1.0701486,1.0701486,-8.2867,-8.868,-8.2962,-3.978,-0.05,,0.35859638,0.28011839,0.099117616,"{""Surge"":0.13449678285766323,""Sway"":0.43136405164951724,""Roll"":0.8904994998028393,""Pitch"":0.45997166027462144,""Yaw"":0.2758429291809839}","{""Surge"":0.694133163574395,""Sway"":0.3830351608671329,""Roll"":0.23088104002761986,""Pitch"":0.08142292151490593,""Yaw"":0.09687871817782223}","{""J_wave"":0.02305640929307167,""J_shape"":0.23019560185176222,""env_err"":0.3585963771538025,""fp_err"":0.09911761644605281,""LERD"":0.0029834655567953176,""LERM"":0.0038191891372098444,""LER_err"":0.2801183940304031,""Tend"":399.8}",PASS,metrics computed from 04_current_runs/runs/RUN_0001_FD_HEAVE_BQIC_HEAVE_0704051950_F100_I048/input/qg_r001_center_heave_adcda246.out
RUN_0001_FD_HEAVE_BQIC_HEAVE_0704051950_F100_I050,BQIC_HEAVE_0704051950_F100_I050,FD_HEAVE,curated,false,20.888082,20.719426,0.81400322,0.0030352721,0.0063011469,0.023024119,0.023024119,0.22960038,0.12073268,0.090301326,1.0903013,1.0903013,-8.2867,-9.035,-8.2962,-4.143,-0.05,,0.36017676,0.23388627,0.12073268,"{""Surge"":0.12574838725533372,""Sway"":0.42757458897021167,""Roll"":0.8775320387245891,""Pitch"":0.45320326218962803,""Yaw"":0.274990591822016}","{""Surge"":0.694133163574395,""Sway"":0.3830351608671329,""Roll"":0.23088104002761986,""Pitch"":0.08142292151490593,""Yaw"":0.09687871817782223}","{""J_wave"":0.023024119386283196,""J_shape"":0.22960038339046843,""env_err"":0.3601767569931129,""fp_err"":0.12073268408929225,""LERD"":0.0029834655567953176,""LERM"":0.0036812571811868735,""LER_err"":0.23388626786799147,""Tend"":399.8}",PASS,metrics computed from 04_current_runs/runs/RUN_0001_FD_HEAVE_BQIC_HEAVE_0704051950_F100_I050/input/qg_r001_center_heave_adcda246.out
RUN_0001_FD_HEAVE_BQIC_HEAVE_0704051950_F100_I052,BQIC_HEAVE_0704051950_F100_I052,FD_HEAVE,curated,false,20.885714,20.719426,0.8025736,0.0029217557,0.0063011469,0.02303855,0.02303855,0.22822815,0.14221361,0.11021275,1.1102128,1.1102128,-8.2867,-9.2,-8.2962,-4.309,-0.05,,0.36212788,0.19795253,0.14221361,"{""Surge"":0.14310399963155138,""Sway"":0.42407576446953105,""Roll"":0.8647731562810804,""Pitch"":0.44753935883594403,""Yaw"":0.2704348573760248}","{""Surge"":0.694133163574395,""Sway"":0.3830351608671329,""Roll"":0.23088104002761986,""Pitch"":0.08142292151490593,""Yaw"":0.09687871817782223}","{""J_wave"":0.02303854951034575,""J_shape"":0.22822814603390573,""env_err"":0.36212787963568854,""fp_err"":0.14221361461088472,""LERD"":0.0029834655567953176,""LERM"":0.0035740501120267994,""LER_err"":0.19795253003217397,""Tend"":399.8}",PASS,metrics computed from 04_current_runs/runs/RUN_0001_FD_HEAVE_BQIC_HEAVE_0704051950_F100_I052/input/qg_r001_center_heave_adcda246.out
RUN_0001_FD_SURGE_BQIC_SURGE_0704053144_F100_I072,BQIC_SURGE_0704053144_F100_I072,FD_SURGE,curated,false,79,82.763612,4.547424,0.016211697,0.020242479,0.029481215,0.029481215,0.58409418,0.12454694,0.13557399,0.86442601,0.86442601,-23.215405,-20.068,-23.35351,-16.72,-0.05,,0.31774545,0.72135916,0.12454694,"{""Sway"":0.19435919695774587,""Heave"":0.1534605796560899,""Roll"":0.19274497815483502,""Pitch"":0.07624830135590124,""Yaw"":0.13501255254245179}","{""Sway"":0.15896017090110728,""Heave"":0.01968059507325694,""Roll"":0.03291602612100948,""Pitch"":0.10723769417504003,""Yaw"":0.03816688415976064}","{""J_wave"":0.029481214698428865,""J_shape"":0.5840941796132374,""env_err"":0.3177454467581397,""fp_err"":0.12454694435678086,""LERD"":0.003995852928715648,""LERM"":0.006878298046966264,""LER_err"":0.721359161528774,""Tend"":740.9499999999999}",PASS,metrics computed from 04_current_runs/runs/RUN_0001_FD_SURGE_BQIC_SURGE_0704053144_F100_I072/input/qg_r001_center_surge_9d3daf69.out
RUN_0001_FD_SURGE_BQIC_SURGE_0704053144_F100_I074,BQIC_SURGE_0704053144_F100_I074,FD_SURGE,curated,false,83.143478,82.763612,0.4589769,0.0084766673,0.020242479,0.026562794,0.026562794,0.52067182,0.082668116,0.10111411,0.89888589,0.89888589,-23.215405,-20.868,-23.35351,-17.18,-0.05,,0.30910789,2.8924975,0.082668116,"{""Sway"":0.205402915158133,""Heave"":0.14942538263278443,""Roll"":0.1853574447600552,""Pitch"":0.08045119205257201,""Yaw"":0.1490262277402272}","{""Sway"":0.15896017090110728,""Heave"":0.01968059507325694,""Roll"":0.03291602612100948,""Pitch"":0.10723769417504003,""Yaw"":0.03816688415976064}","{""J_wave"":0.02656279441503697,""J_shape"":0.520671822802541,""env_err"":0.3091078949775374,""fp_err"":0.0826681160926259,""LERD"":0.003995852928715648,""LERM"":0.01555384768453351,""LER_err"":2.892497537323739,""Tend"":740.9499999999999}",PASS,metrics computed from 04_current_runs/runs/RUN_0001_FD_SURGE_BQIC_SURGE_0704053144_F100_I074/input/qg_r001_center_surge_9d3daf69.out
RUN_0001_FD_SURGE_BQIC_SURGE_0704053144_F100_I076,BQIC_SURGE_0704053144_F100_I076,FD_SURGE,curated,false,77.113333,82.763612,6.8270088,0.0088756232,0.020242479,0.026597197,0.026597197,0.64748651,0.047931917,0.073460058,0.92653994,0.92653994,-23.215405,-21.51,-23.35351,-17.64,-0.05,,0.29161166,3.6066615,0.047931917,"{""Sway"":0.17494635795070107,""Heave"":0.14292598622329297,""Roll"":0.17383618590595495,""Pitch"":0.07564746493895175,""Yaw"":0.1542995225793768}","{""Sway"":0.15896017090110728,""Heave"":0.01968059507325694,""Roll"":0.03291602612100948,""Pitch"":0.10723769417504003,""Yaw"":0.03816688415976064}","{""J_wave"":0.02659719690234858,""J_shape"":0.6474865144644699,""env_err"":0.2916116631617293,""fp_err"":0.047931916555592737,""LERD"":0.003995852928715648,""LERM"":0.018407541823354197,""LER_err"":3.6066614942384208,""Tend"":740.9499999999999}",PASS,metrics computed from 04_current_runs/runs/RUN_0001_FD_SURGE_BQIC_SURGE_0704053144_F100_I076/input/qg_r001_center_surge_9d3daf69.out
RUN_0001_FD_SURGE_BQIC_SURGE_0704055611_F105_I074,BQIC_SURGE_0704055611_F105_I074,FD_SURGE,curated,false,76.42,82.763612,7.664736,0.011484493,0.020242479,0.029763991,0.029763991,0.64985472,0.12453932,0.11709488,0.88290512,0.88290512,-23.215405,-20.497,-23.35351,-17.18,-0.05,,0.2924797,0.56242878,0.12453932,"{""Sway"":0.1383698810629483,""Heave"":0.14739905533189435,""Roll"":0.18046119915384606,""Pitch"":0.06388668983014159,""Yaw"":0.14874682482850662}","{""Sway"":0.15896017090110728,""Heave"":0.01968059507325694,""Roll"":0.03291602612100948,""Pitch"":0.10723769417504003,""Yaw"":0.03816688415976064}","{""J_wave"":0.02976399138632211,""J_shape"":0.6498547223820784,""env_err"":0.2924797030853132,""fp_err"":0.12453932339462637,""LERD"":0.003995852928715648,""LERM"":0.006243235629241734,""LER_err"":0.5624287831955923,""Tend"":740.9499999999999}",PASS,metrics computed from 04_current_runs/runs/RUN_0001_FD_SURGE_BQIC_SURGE_0704055611_F105_I074/input/qg_r001_center_surge_9d3daf69.out
RUN_0001_FD_SURGE_BQIC_SURGE_0704055611_F110_I074,BQIC_SURGE_0704055611_F110_I074,FD_SURGE,curated,false,72.819048,82.763612,12.015624,0.0097808994,0.020242479,0.032718051,0.032718051,0.74499894,0.092167026,0.11623338,0.88376662,0.88376662,-23.215405,-20.517,-23.35351,-17.18,-0.05,,0.31463335,1.1666418,0.092167026,"{""Sway"":0.2545761777011631,""Heave"":0.1512787941167059,""Roll"":0.18517050253551762,""Pitch"":0.061701264906922265,""Yaw"":0.19744099052102937}","{""Sway"":0.15896017090110728,""Heave"":0.01968059507325694,""Roll"":0.03291602612100948,""Pitch"":0.10723769417504003,""Yaw"":0.03816688415976064}","{""J_wave"":0.03271805091994387,""J_shape"":0.7449989384447198,""env_err"":0.3146333511319917,""fp_err"":0.09216702571567101,""LERD"":0.003995852928715648,""LERM"":0.008657581866575755,""LER_err"":1.1666417711120527,""Tend"":740.9499999999999}",PASS,metrics computed from 04_current_runs/runs/RUN_0001_FD_SURGE_BQIC_SURGE_0704055611_F110_I074/input/qg_r001_center_surge_9d3daf69.out
RUN_0001_FD_SURGE_BQIC_SURGE_0704055611_F120_I074,BQIC_SURGE_0704055611_F120_I074,FD_SURGE,curated,false,76.731667,82.763612,7.2881615,0.010259957,0.020242479,0.035572848,0.035572848,0.72736281,0.062155281,0.10296633,0.89703367,0.89703367,-23.215405,-20.825,-23.35351,-17.18,-0.05,,0.35188478,2.8621308,0.062155281,"{""Sway"":0.16019098307483337,""Heave"":0.15468488687687784,""Roll"":0.17860505776241825,""Pitch"":0.07012155625259225,""Yaw"":0.14652370003129297}","{""Sway"":0.15896017090110728,""Heave"":0.01968059507325694,""Roll"":0.03291602612100948,""Pitch"":0.10723769417504003,""Yaw"":0.03816688415976064}","{""J_wave"":0.03557284843580612,""J_shape"":0.7273628075519467,""env_err"":0.35188478140705465,""fp_err"":0.0621552809033859,""LERD"":0.003995852928715648,""LERM"":0.01543250648867161,""LER_err"":2.862130755055578,""Tend"":740.9499999999999}",PASS,metrics computed from 04_current_runs/runs/RUN_0001_FD_SURGE_BQIC_SURGE_0704055611_F120_I074/input/qg_r001_center_surge_9d3daf69.out
RUN_0001_FD_SURGE_BQIC_SURGE_0704062039_F101_I074,BQIC_SURGE_0704062039_F101_I074,FD_SURGE,curated,false,85.825,82.763612,3.6989536,0.014957411,0.020242479,0.036197513,0.036197513,0.98312805,0.11404555,0.11567341,0.88432659,0.88432659,-23.215405,-20.53,-23.35351,-17.18,-0.05,,0.29550097,8.6889862,0.11404555,"{""Sway"":0.13265637581849973,""Heave"":0.14437253528969507,""Roll"":0.17010378350875965,""Pitch"":0.0678877723256945,""Yaw"":0.17799884590007775}","{""Sway"":0.15896017090110728,""Heave"":0.01968059507325694,""Roll"":0.03291602612100948,""Pitch"":0.10723769417504003,""Yaw"":0.03816688415976064}","{""J_wave"":0.036197513377994484,""J_shape"":0.9831280511569124,""env_err"":0.2955009736067286,""fp_err"":0.1140455549113204,""LERD"":0.003995852928715648,""LERM"":0.03871576375395002,""LER_err"":8.688986167565004,""Tend"":740.9499999999999}",PASS,metrics computed from 04_current_runs/runs/RUN_0001_FD_SURGE_BQIC_SURGE_0704062039_F101_I074/input/qg_r001_center_surge_9d3daf69.out
RUN_0001_FD_SURGE_BQIC_SURGE_0704062039_F102_I074,BQIC_SURGE_0704062039_F102_I074,FD_SURGE,curated,false,85.599149,82.763612,3.4260667,0.0097657707,0.020242479,0.029907963,0.029907963,0.73403417,0.12374664,0.11183975,0.88816025,0.88816025,-23.215405,-20.619,-23.35351,-17.18,-0.05,,0.30765155,0.40195186,0.12374664,"{""Sway"":0.19457403133302573,""Heave"":0.14819296138096322,""Roll"":0.18389439113262154,""Pitch"":0.06812703202525175,""Yaw"":0.13871319949170305}","{""Sway"":0.15896017090110728,""Heave"":0.01968059507325694,""Roll"":0.03291602612100948,""Pitch"":0.10723769417504003,""Yaw"":0.03816688415976064}","{""J_wave"":0.02990796287556961,""J_shape"":0.7340341737646349,""env_err"":0.30765154784504284,""fp_err"":0.12374664028716106,""LERD"":0.003995852928715648,""LERM"":0.0056019934503615644,""LER_err"":0.40195186116676324,""Tend"":740.9499999999999}",PASS,metrics computed from 04_current_runs/runs/RUN_0001_FD_SURGE_BQIC_SURGE_0704062039_F102_I074/input/qg_r001_center_surge_9d3daf69.out
RUN_0001_FD_SURGE_BQIC_SURGE_0704062039_F103_I074,BQIC_SURGE_0704062039_F103_I074,FD_SURGE,curated,false,79.06,82.763612,4.4749284,0.0096011763,0.020242479,0.02778397,0.02778397,0.6364524,0.11198572,0.10852298,0.89147702,0.89147702,-23.215405,-20.696,-23.35351,-17.18,-0.05,,0.28605209,1.9191284,0.11198572,"{""Sway"":0.11944430304008853,""Heave"":0.1470269215764233,""Roll"":0.18113973279527723,""Pitch"":0.06083363915572255,""Yaw"":0.14506830220659694}","{""Sway"":0.15896017090110728,""Heave"":0.01968059507325694,""Roll"":0.03291602612100948,""Pitch"":0.10723769417504003,""Yaw"":0.03816688415976064}","{""J_wave"":0.02778396969247128,""J_shape"":0.6364524001241475,""env_err"":0.286052089214913,""fp_err"":0.1119857172257488,""LERD"":0.003995852928715648,""LERM"":0.011664407955716506,""LER_err"":1.9191284473689811,""Tend"":740.9499999999999}",PASS,metrics computed from 04_current_runs/runs/RUN_0001_FD_SURGE_BQIC_SURGE_0704062039_F103_I074/input/qg_r001_center_surge_9d3daf69.out
RUN_0001_FD_SURGE_BQIC_SURGE_0704064505_F102_I074,BQIC_SURGE_0704064505_F102_I074,FD_SURGE,curated,false,84.464167,82.763612,2.0547125,0.012718487,0.020242479,0.026511633,0.026511633,0.55806083,0.061696324,0.099778789,0.90022121,0.90022121,-23.215405,-20.899,-23.35351,-17.18,-0.05,,0.29145889,2.0408424,0.061696324,"{""Sway"":0.20088220714342994,""Heave"":0.14517868683117563,""Roll"":0.1766844605673244,""Pitch"":0.056100349757930566,""Yaw"":0.11529415566459227}","{""Sway"":0.15896017090110728,""Heave"":0.01968059507325694,""Roll"":0.03291602612100948,""Pitch"":0.10723769417504003,""Yaw"":0.03816688415976064}","{""J_wave"":0.026511632522158227,""J_shape"":0.5580608285790505,""env_err"":0.2914588902620945,""fp_err"":0.06169632396550915,""LERD"":0.003995852928715648,""LERM"":0.012150758983672525,""LER_err"":2.040842393460671,""Tend"":740.9499999999999}",PASS,metrics computed from 04_current_runs/runs/RUN_0001_FD_SURGE_BQIC_SURGE_0704064505_F102_I074/input/qg_r001_center_surge_9d3daf69.out
RUN_0001_FD_SURGE_BQIC_SURGE_0704065321_F102_I074,BQIC_SURGE_0704065321_F102_I074,FD_SURGE,curated,false,82.101667,82.763612,0.79980286,0.010516883,0.020242479,0.02585608,0.02585608,0.54101275,0.066272776,0.10731689,0.89268311,0.89268311,-23.215405,-20.724,-23.35351,-17.18,-0.05,,0.31501947,0.65915276,0.066272776,"{""Sway"":0.13022788658415413,""Heave"":0.1473367267768733,""Roll"":0.18145646504829127,""Pitch"":0.05746193103716182,""Yaw"":0.14235028610921552}","{""Sway"":0.15896017090110728,""Heave"":0.01968059507325694,""Roll"":0.03291602612100948,""Pitch"":0.10723769417504003,""Yaw"":0.03816688415976064}","{""J_wave"":0.025856080375418627,""J_shape"":0.5410127498091896,""env_err"":0.3150194736663568,""fp_err"":0.06627277604080249,""LERD"":0.003995852928715648,""LERM"":0.006629730406730396,""LER_err"":0.6591527578722304,""Tend"":740.9499999999999}",PASS,metrics computed from 04_current_runs/runs/RUN_0001_FD_SURGE_BQIC_SURGE_0704065321_F102_I074/input/qg_r001_center_surge_9d3daf69.out
RUN_0001_FD_SURGE_BQIC_SURGE_0704070142_F102_I074,BQIC_SURGE_0704070142_F102_I074,FD_SURGE,curated,false,80.183333,82.763612,3.1176492,0.010018456,0.020242479,0.032112687,0.032112687,0.74792751,0.08946238,0.10675691,0.89324309,0.89324309,-23.215405,-20.737,-23.35351,-17.18,-0.05,,0.33021345,1.5559135,0.08946238,"{""Sway"":0.1977487219337202,""Heave"":0.1502994242307832,""Roll"":0.18440998897977212,""Pitch"":0.0832969349536705,""Yaw"":0.12205124561029262}","{""Sway"":0.15896017090110728,""Heave"":0.01968059507325694,""Roll"":0.03291602612100948,""Pitch"":0.10723769417504003,""Yaw"":0.03816688415976064}","{""J_wave"":0.03211268690493044,""J_shape"":0.7479275070919749,""env_err"":0.33021344749656484,""fp_err"":0.08946238003169506,""LERD"":0.003995852928715648,""LERM"":0.01021305454156807,""LER_err"":1.5559135242874826,""Tend"":740.9499999999999}",PASS,metrics computed from 04_current_runs/runs/RUN_0001_FD_SURGE_BQIC_SURGE_0704070142_F102_I074/input/qg_r001_center_surge_9d3daf69.out
RUN_0001_FD_SURGE_AMP_SH_H054_SWTTD_SG1019_07040711,AMP_SH_H054_SWTTD_SG1019_07040711,FD_SURGE,curated,false,82.101667,82.763612,0.79980286,0.010516883,0.020242479,0.02585608,0.02585608,0.54101275,0.066272776,0.10731689,0.89268311,0.89268311,-23.215405,-20.724,-23.35351,-17.18,-0.05,,0.31501947,0.65915276,0.066272776,"{""Sway"":0.13022788658415413,""Heave"":0.1473367267768733,""Roll"":0.18145646504829127,""Pitch"":0.05746193103716182,""Yaw"":0.14235028610921552}","{""Sway"":0.15896017090110728,""Heave"":0.01968059507325694,""Roll"":0.03291602612100948,""Pitch"":0.10723769417504003,""Yaw"":0.03816688415976064}","{""J_wave"":0.025856080375418627,""J_shape"":0.5410127498091896,""env_err"":0.3150194736663568,""fp_err"":0.06627277604080249,""LERD"":0.003995852928715648,""LERM"":0.006629730406730396,""LER_err"":0.6591527578722304,""Tend"":740.9499999999999}",PASS,metrics computed from 04_current_runs/runs/RUN_0001_FD_SURGE_AMP_SH_H054_SWTTD_SG1019_07040711/input/qg_r001_center_surge_9d3daf69.out
RUN_0001_FD_SWAY_AMP_SH_H054_SWTTD_SG1019_07040711,AMP_SH_H054_SWTTD_SG1019_07040711,FD_SWAY,curated,false,81.4,79.430459,2.4795794,0.013087978,0.023182848,0.044253822,0.044253822,0.93028707,0.023367543,0.01594319,0.98405681,0.98405681,-15.1099,-14.869,-15.02749,-12.09,-0.05,,0.2845136,0.056140251,0.023367543,"{""Surge"":0.3057162178320112,""Heave"":0.18174100185556755,""Roll"":0.2387839676647434,""Pitch"":0.13109036736519702,""Yaw"":0.4087623814380954}","{""Surge"":0.09911156186697814,""Heave"":0.018040555839837675,""Roll"":0.11940848210435888,""Pitch"":0.0384504331662194,""Yaw"":0.1166189583607766}","{""J_wave"":0.0442538217597552,""J_shape"":0.9302870742843006,""env_err"":0.2845136019630128,""fp_err"":0.02336754316921068,""LERD"":0.008732298675839493,""LERM"":0.00824206523224549,""LER_err"":0.05614025147243075,""Tend"":899.8}",PASS,metrics computed from 04_current_runs/runs/RUN_0001_FD_SWAY_AMP_SH_H054_SWTTD_SG1019_07040711/input/qg_r001_center_sway_ac064de6.out
RUN_0001_FD_HEAVE_AMP_SH_H054_SWTTD_SG1019_07040711,AMP_SH_H054_SWTTD_SG1019_07040711,FD_HEAVE,curated,false,20.879211,20.719426,0.77118849,0.0027998432,0.0063011469,0.02312193,0.02312193,0.22512211,0.16373113,0.13024485,1.1302449,1.1302449,-8.2867,-9.366,-8.2962,-4.475,-0.05,,0.36460503,0.17087403,0.16373113,"{""Surge"":0.15321498859556268,""Sway"":0.4224868603485933,""Roll"":0.8522852665884975,""Pitch"":0.4458128313643016,""Yaw"":0.27186003168458434}","{""Surge"":0.694133163574395,""Sway"":0.3830351608671329,""Roll"":0.23088104002761986,""Pitch"":0.08142292151490593,""Yaw"":0.09687871817782223}","{""J_wave"":0.02312192959064781,""J_shape"":0.22512211464968587,""env_err"":0.36460503049534926,""fp_err"":0.16373112820840646,""LERD"":0.0029834655567953176,""LERM"":0.003493262325251931,""LER_err"":0.17087402510663147,""Tend"":399.8}",PASS,metrics computed from 04_current_runs/runs/RUN_0001_FD_HEAVE_AMP_SH_H054_SWTTD_SG1019_07040711/input/qg_r001_center_heave_adcda246.out
RUN_0001_FD_ROLL_AMP_SH_H054_SWTTD_SG1019_07040711,AMP_SH_H054_SWTTD_SG1019_07040711,FD_ROLL,curated,false,31.566287,31.040392,1.694227,0.025761193,0.02049542,0.04483199,0.04483199,0.95263,0.24616118,0.19309212,1.1930921,1.1930921,11.95968,14.269,11.97218,16.89,-0.05,,0.20277012,0.038351677,0.24616118,"{""Surge"":0.26217204434501146,""Sway"":0.46207430386554416,""Heave"":0.24445984105211271,""Pitch"":0.14732376194843483,""Yaw"":0.2213939304623279}","{""Surge"":0.13004178340036146,""Sway"":0.2811231135878405,""Heave"":0.032594922860306255,""Pitch"":0.24847735333665472,""Yaw"":0.10705157585119539}","{""J_wave"":0.04483199012274064,""J_shape"":0.9526300015045943,""env_err"":0.2027701168789397,""fp_err"":0.24616118187863814,""LERD"":0.006503664007973453,""LERM"":0.006753090426886677,""LER_err"":0.03835167662527289,""Tend"":519.8}",PASS,metrics computed from 04_current_runs/runs/RUN_0001_FD_ROLL_AMP_SH_H054_SWTTD_SG1019_07040711/input/qg_r001_center_roll_38d48f80.out
RUN_0001_FD_PITCH_AMP_SH_H054_SWTTD_SG1019_07040711,AMP_SH_H054_SWTTD_SG1019_07040711,FD_PITCH,curated,false,30.73641,30.598882,0.44945173,0.020101855,0.025569995,0.014083946,0.014083946,0.16482007,0.15431191,0.16161286,1.1616129,1.1616129,-9.03115,-10.4907,-9.028615,-9.679,-0.05,,0.13842681,0.85497007,0.15431191,"{""Surge"":0.46349418380491014,""Sway"":0.1427956476570348,""Heave"":0.2849441453767441,""Roll"":0.34124582835613526,""Yaw"":0.22108797343740516}","{""Surge"":0.3652553627158409,""Sway"":0.11511580438120428,""Heave"":0.09709203619753709,""Roll"":0.24451383619627762,""Yaw"":0.12733165013806358}","{""J_wave"":0.014083945710940987,""J_shape"":0.16482007279838723,""env_err"":0.13842681169967985,""fp_err"":0.1543119086633251,""LERD"":0.013125939777430977,""LERM"":0.024348225402297658,""LER_err"":0.8549700680603853,""Tend"":484.68}",PASS,metrics computed from 04_current_runs/runs/RUN_0001_FD_PITCH_AMP_SH_H054_SWTTD_SG1019_07040711/input/qg_r001_center_pitch_e18abe27.out
RUN_0001_FD_YAW_AMP_SH_H054_SWTTD_SG1019_07040711,AMP_SH_H054_SWTTD_SG1019_07040711,FD_YAW,curated,false,50.109617,50.687273,1.1396468,0.021018588,0.024700713,0.024368609,0.024368609,0.40709754,0.18320689,0.19034856,0.80965144,0.80965144,-18.0201,-14.59,-17.8903,-15.14,-0.05,,0.25406262,1.5195051,0.18320689,"{""Surge"":0.4811270687063301,""Sway"":0.16791963582763608,""Heave"":0.1963749984823769,""Roll"":0.2508657524147329,""Pitch"":0.09630232197735512}","{""Surge"":0.1667131756781034,""Sway"":0.06151291011602063,""Heave"":0.00833951391833249,""Roll"":0.08748756161027149,""Pitch"":0.06650130575791667}","{""J_wave"":0.024368609393510765,""J_shape"":0.407097535320232,""env_err"":0.2540626249767134,""fp_err"":0.18320689007725435,""LERD"":0.010254479339074602,""LERM"":0.02583621276818568,""LER_err"":1.5195050781112815,""Tend"":628.0}",PASS,metrics computed from 04_current_runs/runs/RUN_0001_FD_YAW_AMP_SH_H054_SWTTD_SG1019_07040711/input/qg_r001_center_yaw_fe6ed2b1.out
RUN_0001_FD_SURGE_BQIC_SURGE_0704074649_F102_I073,BQIC_SURGE_0704074649_F102_I073,FD_SURGE,curated,false,76.146957,82.763612,7.9946436,0.01119918,0.020242479,0.027828292,0.027828292,0.59607752,0.11246718,0.12506372,0.87493628,0.87493628,-23.215405,-20.312,-23.35351,-16.95,-0.05,,0.30368238,0.41768239,0.11246718,"{""Sway"":0.1276098626293617,""Heave"":0.14862945877798528,""Roll"":0.18561642859762603,""Pitch"":0.05509767450785501,""Yaw"":0.17005218129622293}","{""Sway"":0.15896017090110728,""Heave"":0.01968059507325694,""Roll"":0.03291602612100948,""Pitch"":0.10723769417504003,""Yaw"":0.03816688415976064}","{""J_wave"":0.02782829206836395,""J_shape"":0.5960775211242014,""env_err"":0.3036823831018934,""fp_err"":0.11246718066391292,""LERD"":0.003995852928715648,""LERM"":0.0023268555276789045,""LER_err"":0.41768238992049056,""Tend"":740.9499999999999}",PASS,metrics computed from 04_current_runs/runs/RUN_0001_FD_SURGE_BQIC_SURGE_0704074649_F102_I073/input/qg_r001_center_surge_9d3daf69.out
RUN_0001_FD_SWAY_BQIC_SWAY_0704075513_F100_I082,BQIC_SWAY_0704075513_F100_I082,FD_SWAY,curated,false,81.156429,79.430459,2.1729321,0.013347054,0.023182848,0.050525651,0.050525651,1.2035398,0.073888756,0.016882971,1.016883,1.016883,-15.1099,-15.365,-15.02749,-12.39,-0.05,,0.29808854,0.0043195474,0.073888756,"{""Surge"":0.3008632336594102,""Heave"":0.18394525840402706,""Roll"":0.23730065614420515,""Pitch"":0.14707836244360975,""Yaw"":0.3841114308313234}","{""Surge"":0.09911156186697814,""Heave"":0.018040555839837675,""Roll"":0.11940848210435888,""Pitch"":0.0384504331662194,""Yaw"":0.1166189583607766}","{""J_wave"":0.05052565144410576,""J_shape"":1.2035398412693015,""env_err"":0.29808853604020535,""fp_err"":0.07388875627606531,""LERD"":0.008732298675839493,""LERM"":0.008694579097451877,""LER_err"":0.0043195474396653805,""Tend"":899.8}",PASS,metrics computed from 04_current_runs/runs/RUN_0001_FD_SWAY_BQIC_SWAY_0704075513_F100_I082/input/qg_r001_center_sway_ac064de6.out
RUN_0001_FD_SWAY_BQIC_SWAY_0704075513_F100_I084,BQIC_SWAY_0704075513_F100_I084,FD_SWAY,curated,false,83.53018,79.430459,5.1613972,0.014090378,0.023182848,0.041706361,0.041706361,0.71453638,0.048704043,0.040046592,1.0400466,1.0400466,-15.1099,-15.715,-15.02749,-12.69,-0.05,,0.34133473,1.7940179,0.048704043,"{""Surge"":0.3745034092042864,""Heave"":0.18241262178390744,""Roll"":0.2418411322971632,""Pitch"":0.13255451727434364,""Yaw"":0.45273025954881324}","{""Surge"":0.09911156186697814,""Heave"":0.018040555839837675,""Roll"":0.11940848210435888,""Pitch"":0.0384504331662194,""Yaw"":0.1166189583607766}","{""J_wave"":0.041706360536203385,""J_shape"":0.714536377849137,""env_err"":0.34133472531924447,""fp_err"":0.04870404334827023,""LERD"":0.008732298675839493,""LERM"":0.024398198763548457,""LER_err"":1.7940178948589267,""Tend"":899.8}",PASS,metrics computed from 04_current_runs/runs/RUN_0001_FD_SWAY_BQIC_SWAY_0704075513_F100_I084/input/qg_r001_center_sway_ac064de6.out
RUN_0001_FD_SWAY_SWAY_TTDSS_N18_07040812,SWAY_TTDSS_N18_07040812,FD_SWAY,curated,false,81.6,79.430459,2.731372,0.018731264,0.023182848,0.044387334,0.044387334,0.99648928,0.029650795,0.013759191,0.98624081,0.98624081,-15.1099,-14.902,-15.02749,-12.09,-0.05,,0.28658204,0.24011021,0.029650795,"{""Surge"":0.3268715325841131,""Heave"":0.18452181013798613,""Roll"":0.2493514189023148,""Pitch"":0.14981710990071462,""Yaw"":0.42426979774591134}","{""Surge"":0.09911156186697814,""Heave"":0.018040555839837675,""Roll"":0.11940848210435888,""Pitch"":0.0384504331662194,""Yaw"":0.1166189583607766}","{""J_wave"":0.04438733423032758,""J_shape"":0.9964892780641099,""env_err"":0.2865820443302239,""fp_err"":0.029650794658206813,""LERD"":0.008732298675839493,""LERM"":0.006635584606654907,""LER_err"":0.240110210039628,""Tend"":899.8}",PASS,metrics computed from 04_current_runs/runs/RUN_0001_FD_SWAY_SWAY_TTDSS_N18_07040812/input/qg_r001_center_sway_ac064de6.out
RUN_0001_FD_SWAY_SWAY_TTDSS_N22_07040812,SWAY_TTDSS_N22_07040812,FD_SWAY,curated,false,83.323333,79.430459,4.9009847,0.020161056,0.023182848,0.050301448,0.050301448,1.1758303,0.04462595,0.01931846,0.98068154,0.98068154,-15.1099,-14.818,-15.02749,-12.09,-0.05,,0.28778853,0.045685958,0.04462595,"{""Surge"":0.3405492957173878,""Heave"":0.18523238824737698,""Roll"":0.23696169297145458,""Pitch"":0.13151099716718867,""Yaw"":0.4476821517250957}","{""Surge"":0.09911156186697814,""Heave"":0.018040555839837675,""Roll"":0.11940848210435888,""Pitch"":0.0384504331662194,""Yaw"":0.1166189583607766}","{""J_wave"":0.050301448263109734,""J_shape"":1.1758302837032335,""env_err"":0.2877885295518461,""fp_err"":0.04462594987968075,""LERD"":0.008732298675839493,""LERM"":0.0091312421084908,""LER_err"":0.04568595824088128,""Tend"":899.8}",PASS,metrics computed from 04_current_runs/runs/RUN_0001_FD_SWAY_SWAY_TTDSS_N22_07040812/input/qg_r001_center_sway_ac064de6.out
RUN_0001_FD_SURGE_SURGE_SG1019_EA099_07040831,SURGE_SG1019_EA099_07040831,FD_SURGE,curated,false,87.766667,82.763612,6.0449926,0.014971766,0.020242479,0.033557589,0.033557589,0.85517081,0.098643985,0.11679335,0.88320665,0.88320665,-23.215405,-20.504,-23.35351,-17.18,-0.05,,0.29235246,3.4132899,0.098643985,"{""Sway"":0.1725772210953485,""Heave"":0.14687336591652655,""Roll"":0.18310590321751427,""Pitch"":0.0618972042191723,""Yaw"":0.15313619566234235}","{""Sway"":0.15896017090110728,""Heave"":0.01968059507325694,""Roll"":0.03291602612100948,""Pitch"":0.10723769417504003,""Yaw"":0.03816688415976064}","{""J_wave"":0.03355758917384083,""J_shape"":0.8551708115656452,""env_err"":0.2923524618388579,""fp_err"":0.09864398463983672,""LERD"":0.003995852928715648,""LERM"":0.017634857179366973,""LER_err"":3.413289851745167,""Tend"":740.9499999999999}",PASS,metrics computed from 04_current_runs/runs/RUN_0001_FD_SURGE_SURGE_SG1019_EA099_07040831/input/qg_r001_center_surge_9d3daf69.out
RUN_0001_FD_SURGE_SURGE_SG1019_BL450_07040846,SURGE_SG1019_BL450_07040846,FD_SURGE,curated,false,85.613182,82.763612,3.443022,0.013460399,0.020242479,0.039400103,0.039400103,1.0259955,0.095312822,0.11308892,0.88691108,0.88691108,-23.215405,-20.59,-23.35351,-17.18,-0.05,,0.32173899,3.2582774,0.095312822,"{""Sway"":0.14806786257444568,""Heave"":0.15006305801983147,""Roll"":0.18083085159361018,""Pitch"":0.06874766369501593,""Yaw"":0.13730620693164186}","{""Sway"":0.15896017090110728,""Heave"":0.01968059507325694,""Roll"":0.03291602612100948,""Pitch"":0.10723769417504003,""Yaw"":0.03816688415976064}","{""J_wave"":0.03940010299790565,""J_shape"":1.0259954947525698,""env_err"":0.3217389851161032,""fp_err"":0.09531282174478624,""LERD"":0.003995852928715648,""LERM"":0.017015450404857527,""LER_err"":3.2582774462439126,""Tend"":740.9499999999999}",PASS,metrics computed from 04_current_runs/runs/RUN_0001_FD_SURGE_SURGE_SG1019_BL450_07040846/input/qg_r001_center_surge_9d3daf69.out
RUN_0001_FD_SURGE_SURGE_SG1019_BL420_07040900,SURGE_SG1019_BL420_07040900,FD_SURGE,curated,false,81.966667,82.763612,0.96291802,0.012792733,0.020242479,0.030825355,0.030825355,0.77371976,0.049574923,0.10766149,0.89233851,0.89233851,-23.215405,-20.716,-23.35351,-17.18,-0.05,,0.30984643,1.4117912,0.049574923,"{""Sway"":0.188531135347226,""Heave"":0.14673169785443568,""Roll"":0.18423881087217633,""Pitch"":0.08298587680536092,""Yaw"":0.14930818972566834}","{""Sway"":0.15896017090110728,""Heave"":0.01968059507325694,""Roll"":0.03291602612100948,""Pitch"":0.10723769417504003,""Yaw"":0.03816688415976064}","{""J_wave"":0.030825354990446713,""J_shape"":0.7737197576212984,""env_err"":0.30984643449036586,""fp_err"":0.049574922957240516,""LERD"":0.003995852928715648,""LERM"":0.009637162770588665,""LER_err"":1.411791160113156,""Tend"":740.9499999999999}",PASS,metrics computed from 04_current_runs/runs/RUN_0001_FD_SURGE_SURGE_SG1019_BL420_07040900/input/qg_r001_center_surge_9d3daf69.out
RUN_0001_FD_SURGE_SURGE_IC72_CL0_07040912,SURGE_IC72_CL0_07040912,FD_SURGE,curated,false,89.3,82.763612,7.8976587,0.01437944,0.020242479,0.039805313,0.039805313,0.97020368,0.14075471,0.14750572,0.85249428,0.85249428,-23.215405,-19.791,-23.35351,-16.72,-0.05,,0.32101475,2.5480396,0.14075471,"{""Sway"":0.2182217957917307,""Heave"":0.15258205265734429,""Roll"":0.1922521630292528,""Pitch"":0.05280589539974239,""Yaw"":0.14734518796984852}","{""Sway"":0.15896017090110728,""Heave"":0.01968059507325694,""Roll"":0.03291602612100948,""Pitch"":0.10723769417504003,""Yaw"":0.03816688415976064}","{""J_wave"":0.03980531275668246,""J_shape"":0.9702036765681107,""env_err"":0.32101475180752553,""fp_err"":0.14075470890174827,""LERD"":0.003995852928715648,""LERM"":0.014177444436717156,""LER_err"":2.548039602467073,""Tend"":740.9499999999999}",PASS,metrics computed from 04_current_runs/runs/RUN_0001_FD_SURGE_SURGE_IC72_CL0_07040912/input/qg_r001_center_surge_9d3daf69.out
RUN_0001_FD_SURGE_SURGE_IC72_CL4K_07040924,SURGE_IC72_CL4K_07040924,FD_SURGE,curated,false,81.104167,82.763612,2.0050427,0.012255626,0.020242479,0.031067648,0.031067648,0.73704843,0.11238263,0.13634933,0.86365067,0.86365067,-23.215405,-20.05,-23.35351,-16.72,-0.05,,0.3072105,0.83328042,0.11238263,"{""Sway"":0.1560765070773384,""Heave"":0.15254421322035175,""Roll"":0.1860308807184769,""Pitch"":0.05896511082478626,""Yaw"":0.13665360998916432}","{""Sway"":0.15896017090110728,""Heave"":0.01968059507325694,""Roll"":0.03291602612100948,""Pitch"":0.10723769417504003,""Yaw"":0.03816688415976064}","{""J_wave"":0.03106764778760163,""J_shape"":0.7370484313971661,""env_err"":0.307210497389644,""fp_err"":0.1123826262701222,""LERD"":0.003995852928715648,""LERM"":0.007325518918873182,""LER_err"":0.8332804158604905,""Tend"":740.9499999999999}",PASS,metrics computed from 04_current_runs/runs/RUN_0001_FD_SURGE_SURGE_IC72_CL4K_07040924/input/qg_r001_center_surge_9d3daf69.out
RUN_0001_FD_SURGE_SURGE_IC72_EA0998_07040918,SURGE_IC72_EA0998_07040918,FD_SURGE,curated,false,84.45,82.763612,2.0375954,0.0079327522,0.020242479,0.035726619,0.035726619,0.88008315,0.14357993,0.13152495,0.86847505,0.86847505,-23.215405,-20.162,-23.35351,-16.72,-0.05,,0.31971978,2.0125255,0.14357993,"{""Sway"":0.13734557523938853,""Heave"":0.15553730403114707,""Roll"":0.1889743506604919,""Pitch"":0.08452420377348327,""Yaw"":0.14437130804605208}","{""Sway"":0.15896017090110728,""Heave"":0.01968059507325694,""Roll"":0.03291602612100948,""Pitch"":0.10723769417504003,""Yaw"":0.03816688415976064}","{""J_wave"":0.035726619013233075,""J_shape"":0.8800831467969593,""env_err"":0.31971978405996326,""fp_err"":0.14357992548029813,""LERD"":0.003995852928715648,""LERM"":0.012037608998531221,""LER_err"":2.012525539172025,""Tend"":740.9499999999999}",PASS,metrics computed from 04_current_runs/runs/RUN_0001_FD_SURGE_SURGE_IC72_EA0998_07040918/input/qg_r001_center_surge_9d3daf69.out
RUN_0001_FD_YAW_YAW_IC_Y1505_07040931,YAW_IC_Y1505_07040931,FD_YAW,curated,false,50.702552,50.687273,0.030142015,0.020246943,0.024700713,0.02203382,0.02203382,0.40716519,0.19507564,0.20067036,0.79932964,0.79932964,-18.0201,-14.404,-17.8903,-15.05,-0.05,,0.25087666,0.1203424,0.19507564,"{""Surge"":0.5194338638356252,""Sway"":0.20733279778847385,""Heave"":0.20678821467977823,""Roll"":0.25480549386589196,""Pitch"":0.06272708224148459}","{""Surge"":0.1667131756781034,""Sway"":0.06151291011602063,""Heave"":0.00833951391833249,""Roll"":0.08748756161027149,""Pitch"":0.06650130575791667}","{""J_wave"":0.022033820424070955,""J_shape"":0.4071651938310256,""env_err"":0.25087665714609375,""fp_err"":0.19507564204304506,""LERD"":0.010254479339074602,""LERM"":0.011488528000355519,""LER_err"":0.12034240066958694,""Tend"":628.0}",PASS,metrics computed from 04_current_runs/runs/RUN_0001_FD_YAW_YAW_IC_Y1505_07040931/input/qg_r001_center_yaw_fe6ed2b1.out
RUN_0001_FD_YAW_YAW_IC_Y1508_07040931,YAW_IC_Y1508_07040931,FD_YAW,curated,false,51.091918,50.687273,0.79831578,0.018164973,0.024700713,0.02144322,0.02144322,0.32314186,0.21569965,0.19886127,0.80113873,0.80113873,-18.0201,-14.4366,-17.8903,-15.08,-0.05,,0.24677323,3.0403485,0.21569965,"{""Surge"":0.2741572628656157,""Sway"":0.2526946193681382,""Heave"":0.20197621610861738,""Roll"":0.2658905294796461,""Pitch"":0.0724754926381923}","{""Surge"":0.1667131756781034,""Sway"":0.06151291011602063,""Heave"":0.00833951391833249,""Roll"":0.08748756161027149,""Pitch"":0.06650130575791667}","{""J_wave"":0.021443220359986265,""J_shape"":0.3231418593710644,""env_err"":0.2467732257008929,""fp_err"":0.21569964788346432,""LERD"":0.010254479339074602,""LERM"":0.04143167038116875,""LER_err"":3.040348516115659,""Tend"":628.0}",PASS,metrics computed from 04_current_runs/runs/RUN_0001_FD_YAW_YAW_IC_Y1508_07040931/input/qg_r001_center_yaw_fe6ed2b1.out
RUN_0001_FD_YAW_YAW_IC_Y15056_07040941,YAW_IC_Y15056_07040941,FD_YAW,curated,false,50.801582,50.687273,0.22551835,0.020219338,0.024700713,0.021581493,0.021581493,0.31647876,0.18446413,0.19624752,0.80375248,0.80375248,-18.0201,-14.4837,-17.8903,-15.06,-0.05,,0.26741531,1.4998691,0.18446413,"{""Surge"":0.3947651623708107,""Sway"":0.20521413124145296,""Heave"":0.2099247462522882,""Roll"":0.2759454306603259,""Pitch"":0.05971763426523891}","{""Surge"":0.1667131756781034,""Sway"":0.06151291011602063,""Heave"":0.00833951391833249,""Roll"":0.08748756161027149,""Pitch"":0.06650130575791667}","{""J_wave"":0.021581492758971733,""J_shape"":0.3164787623687703,""env_err"":0.2674153149584584,""fp_err"":0.18446412731196096,""LERD"":0.010254479339074602,""LERM"":0.02563485640501069,""LER_err"":1.4998691359520613,""Tend"":628.0}",PASS,metrics computed from 04_current_runs/runs/RUN_0001_FD_YAW_YAW_IC_Y15056_07040941/input/qg_r001_center_yaw_fe6ed2b1.out
RUN_0001_FD_YAW_YAW_IC_Y15052_07040949,YAW_IC_Y15052_07040949,FD_YAW,curated,false,50.422274,50.687273,0.52281173,0.021631972,0.024700713,0.02290328,0.02290328,0.38771457,0.19275803,0.1951654,0.8048346,0.8048346,-18.0201,-14.5032,-17.8903,-15.05,-0.05,,0.26130353,0.93314977,0.19275803,"{""Surge"":0.45399477269519517,""Sway"":0.1842852202869055,""Heave"":0.21016862265645067,""Roll"":0.2669884176843142,""Pitch"":0.09151155617756035}","{""Surge"":0.1667131756781034,""Sway"":0.06151291011602063,""Heave"":0.00833951391833249,""Roll"":0.08748756161027149,""Pitch"":0.06650130575791667}","{""J_wave"":0.02290328031279385,""J_shape"":0.3877145705870468,""env_err"":0.26130353166719933,""fp_err"":0.19275802618053617,""LERD"":0.010254479339074602,""LERM"":0.019823444340927872,""LER_err"":0.9331497665991498,""Tend"":628.0}",PASS,metrics computed from 04_current_runs/runs/RUN_0001_FD_YAW_YAW_IC_Y15052_07040949/input/qg_r001_center_yaw_fe6ed2b1.out
RUN_0001_FD_SURGE_AMP_SH_H054_SWTTD_Y15052_07041000,AMP_SH_H054_SWTTD_Y15052_07041000,FD_SURGE,curated,false,81.233333,82.763612,1.8489757,0.015076567,0.020242479,0.030248578,0.030248578,0.59001754,0.13034279,0.17546129,0.82453871,0.82453871,-23.215405,-19.142,-23.35351,-16.25,-0.05,,0.32766471,0.63369893,0.13034279,"{""Sway"":0.2489015869034002,""Heave"":0.15672441515496077,""Roll"":0.18951524636317846,""Pitch"":0.06223256604489145,""Yaw"":0.12811757058226744}","{""Sway"":0.15896017090110728,""Heave"":0.01968059507325694,""Roll"":0.03291602612100948,""Pitch"":0.10723769417504003,""Yaw"":0.03816688415976064}","{""J_wave"":0.03024857808842873,""J_shape"":0.5900175409793172,""env_err"":0.32766471022847815,""fp_err"":0.13034278694332171,""LERD"":0.003995852928715648,""LERM"":0.006528020645299744,""LER_err"":0.6336989278026277,""Tend"":740.9499999999999}",PASS,metrics computed from 04_current_runs/runs/RUN_0001_FD_SURGE_AMP_SH_H054_SWTTD_Y15052_07041000/input/qg_r001_center_surge_9d3daf69.out
RUN_0001_FD_SWAY_AMP_SH_H054_SWTTD_Y15052_07041000,AMP_SH_H054_SWTTD_Y15052_07041000,FD_SWAY,curated,false,81.4,79.430459,2.4795794,0.013087978,0.023182848,0.044253822,0.044253822,0.93028707,0.023367543,0.01594319,0.98405681,0.98405681,-15.1099,-14.869,-15.02749,-12.09,-0.05,,0.2845136,0.056140251,0.023367543,"{""Surge"":0.3057162178320112,""Heave"":0.18174100185556755,""Roll"":0.2387839676647434,""Pitch"":0.13109036736519702,""Yaw"":0.4087623814380954}","{""Surge"":0.09911156186697814,""Heave"":0.018040555839837675,""Roll"":0.11940848210435888,""Pitch"":0.0384504331662194,""Yaw"":0.1166189583607766}","{""J_wave"":0.0442538217597552,""J_shape"":0.9302870742843006,""env_err"":0.2845136019630128,""fp_err"":0.02336754316921068,""LERD"":0.008732298675839493,""LERM"":0.00824206523224549,""LER_err"":0.05614025147243075,""Tend"":899.8}",PASS,metrics computed from 04_current_runs/runs/RUN_0001_FD_SWAY_AMP_SH_H054_SWTTD_Y15052_07041000/input/qg_r001_center_sway_ac064de6.out
RUN_0001_FD_HEAVE_AMP_SH_H054_SWTTD_Y15052_07041000,AMP_SH_H054_SWTTD_Y15052_07041000,FD_HEAVE,curated,false,20.879211,20.719426,0.77118849,0.0027998432,0.0063011469,0.02312193,0.02312193,0.22512211,0.16373113,0.13024485,1.1302449,1.1302449,-8.2867,-9.366,-8.2962,-4.475,-0.05,,0.36460503,0.17087403,0.16373113,"{""Surge"":0.15321498859556268,""Sway"":0.4224868603485933,""Roll"":0.8522852665884975,""Pitch"":0.4458128313643016,""Yaw"":0.27186003168458434}","{""Surge"":0.694133163574395,""Sway"":0.3830351608671329,""Roll"":0.23088104002761986,""Pitch"":0.08142292151490593,""Yaw"":0.09687871817782223}","{""J_wave"":0.02312192959064781,""J_shape"":0.22512211464968587,""env_err"":0.36460503049534926,""fp_err"":0.16373112820840646,""LERD"":0.0029834655567953176,""LERM"":0.003493262325251931,""LER_err"":0.17087402510663147,""Tend"":399.8}",PASS,metrics computed from 04_current_runs/runs/RUN_0001_FD_HEAVE_AMP_SH_H054_SWTTD_Y15052_07041000/input/qg_r001_center_heave_adcda246.out
RUN_0001_FD_ROLL_AMP_SH_H054_SWTTD_Y15052_07041000,AMP_SH_H054_SWTTD_Y15052_07041000,FD_ROLL,curated,false,31.566287,31.040392,1.694227,0.025761193,0.02049542,0.04483199,0.04483199,0.95263,0.24616118,0.19309212,1.1930921,1.1930921,11.95968,14.269,11.97218,16.89,-0.05,,0.20277012,0.038351677,0.24616118,"{""Surge"":0.26217204434501146,""Sway"":0.46207430386554416,""Heave"":0.24445984105211271,""Pitch"":0.14732376194843483,""Yaw"":0.2213939304623279}","{""Surge"":0.13004178340036146,""Sway"":0.2811231135878405,""Heave"":0.032594922860306255,""Pitch"":0.24847735333665472,""Yaw"":0.10705157585119539}","{""J_wave"":0.04483199012274064,""J_shape"":0.9526300015045943,""env_err"":0.2027701168789397,""fp_err"":0.24616118187863814,""LERD"":0.006503664007973453,""LERM"":0.006753090426886677,""LER_err"":0.03835167662527289,""Tend"":519.8}",PASS,metrics computed from 04_current_runs/runs/RUN_0001_FD_ROLL_AMP_SH_H054_SWTTD_Y15052_07041000/input/qg_r001_center_roll_38d48f80.out
RUN_0001_FD_PITCH_AMP_SH_H054_SWTTD_Y15052_07041000,AMP_SH_H054_SWTTD_Y15052_07041000,FD_PITCH,curated,false,30.73641,30.598882,0.44945173,0.020101855,0.025569995,0.014083946,0.014083946,0.16482007,0.15431191,0.16161286,1.1616129,1.1616129,-9.03115,-10.4907,-9.028615,-9.679,-0.05,,0.13842681,0.85497007,0.15431191,"{""Surge"":0.46349418380491014,""Sway"":0.1427956476570348,""Heave"":0.2849441453767441,""Roll"":0.34124582835613526,""Yaw"":0.22108797343740516}","{""Surge"":0.3652553627158409,""Sway"":0.11511580438120428,""Heave"":0.09709203619753709,""Roll"":0.24451383619627762,""Yaw"":0.12733165013806358}","{""J_wave"":0.014083945710940987,""J_shape"":0.16482007279838723,""env_err"":0.13842681169967985,""fp_err"":0.1543119086633251,""LERD"":0.013125939777430977,""LERM"":0.024348225402297658,""LER_err"":0.8549700680603853,""Tend"":484.68}",PASS,metrics computed from 04_current_runs/runs/RUN_0001_FD_PITCH_AMP_SH_H054_SWTTD_Y15052_07041000/input/qg_r001_center_pitch_e18abe27.out
RUN_0001_FD_YAW_AMP_SH_H054_SWTTD_Y15052_07041000,AMP_SH_H054_SWTTD_Y15052_07041000,FD_YAW,curated,false,50.422274,50.687273,0.52281173,0.021631972,0.024700713,0.02290328,0.02290328,0.38771457,0.19275803,0.1951654,0.8048346,0.8048346,-18.0201,-14.5032,-17.8903,-15.05,-0.05,,0.26130353,0.93314977,0.19275803,"{""Surge"":0.45399477269519517,""Sway"":0.1842852202869055,""Heave"":0.21016862265645067,""Roll"":0.2669884176843142,""Pitch"":0.09151155617756035}","{""Surge"":0.1667131756781034,""Sway"":0.06151291011602063,""Heave"":0.00833951391833249,""Roll"":0.08748756161027149,""Pitch"":0.06650130575791667}","{""J_wave"":0.02290328031279385,""J_shape"":0.3877145705870468,""env_err"":0.26130353166719933,""fp_err"":0.19275802618053617,""LERD"":0.010254479339074602,""LERM"":0.019823444340927872,""LER_err"":0.9331497665991498,""Tend"":628.0}",PASS,metrics computed from 04_current_runs/runs/RUN_0001_FD_YAW_AMP_SH_H054_SWTTD_Y15052_07041000/input/qg_r001_center_yaw_fe6ed2b1.out
RUN_0002_FD_YAW_AMP_SH_H054_SWTTD_Y15052_07041000,AMP_SH_H054_SWTTD_Y15052_07041000,FD_YAW,curated,false,50.422274,50.687273,0.52281173,0.021631972,0.024700713,0.02290328,0.02290328,0.38771457,0.19275803,0.1951654,0.8048346,0.8048346,-18.0201,-14.5032,-17.8903,-15.05,-0.05,,0.26130353,0.93314977,0.19275803,"{""Surge"":0.45399477269519517,""Sway"":0.1842852202869055,""Heave"":0.21016862265645067,""Roll"":0.2669884176843142,""Pitch"":0.09151155617756035}","{""Surge"":0.1667131756781034,""Sway"":0.06151291011602063,""Heave"":0.00833951391833249,""Roll"":0.08748756161027149,""Pitch"":0.06650130575791667}","{""J_wave"":0.02290328031279385,""J_shape"":0.3877145705870468,""env_err"":0.26130353166719933,""fp_err"":0.19275802618053617,""LERD"":0.010254479339074602,""LERM"":0.019823444340927872,""LER_err"":0.9331497665991498,""Tend"":628.0}",PASS,metrics computed from 04_current_runs/runs/RUN_0002_FD_YAW_AMP_SH_H054_SWTTD_Y15052_07041000/input/qg_r001_center_yaw_fe6ed2b1.out
RUN_0001_FD_ROLL_BQIC_ROLL_0704103753_F090_I100,BQIC_ROLL_0704103753_F090_I100,FD_ROLL,curated,false,31.543801,31.040392,1.6217862,0.027313018,0.02049542,0.042897686,0.042897686,0.93492651,0.24441279,0.19275767,1.1927577,1.1927577,11.95968,14.265,11.97218,16.89,-0.05,,0.17663324,0.37653746,0.24441279,"{""Surge"":0.25976119807112535,""Sway"":0.4440232078811474,""Heave"":0.23466047781831298,""Pitch"":0.15627791903989935,""Yaw"":0.2099126966105725}","{""Surge"":0.13004178340036146,""Sway"":0.2811231135878405,""Heave"":0.032594922860306255,""Pitch"":0.24847735333665472,""Yaw"":0.10705157585119539}","{""J_wave"":0.04289768633945241,""J_shape"":0.9349265078329833,""env_err"":0.1766332430311245,""fp_err"":0.24441279308492908,""LERD"":0.006503664007973453,""LERM"":0.008952537115227687,""LER_err"":0.37653745707833775,""Tend"":519.8}",PASS,metrics computed from 04_current_runs/runs/RUN_0001_FD_ROLL_BQIC_ROLL_0704103753_F090_I100/input/qg_r001_center_roll_38d48f80.out
RUN_0001_FD_ROLL_ROLL_BQ873_07041043,ROLL_BQ873_07041043,FD_ROLL,curated,false,31.665376,31.040392,2.013454,0.026354119,0.02049542,0.044702634,0.044702634,0.92969766,0.2463692,0.19292489,1.1929249,1.1929249,11.95968,14.267,11.97218,16.89,-0.05,,0.20685223,0.0098840853,0.2463692,"{""Surge"":0.28558985378991436,""Sway"":0.4998166347786507,""Heave"":0.24560847119719173,""Pitch"":0.15123087478674357,""Yaw"":0.2060977264275587}","{""Surge"":0.13004178340036146,""Sway"":0.2811231135878405,""Heave"":0.032594922860306255,""Pitch"":0.24847735333665472,""Yaw"":0.10705157585119539}","{""J_wave"":0.04470263381227805,""J_shape"":0.9296976553064128,""env_err"":0.20685223332456518,""fp_err"":0.24636920109697452,""LERD"":0.006503664007973453,""LERM"":0.0064393812381268465,""LER_err"":0.009884085304498514,""Tend"":519.8}",PASS,metrics computed from 04_current_runs/runs/RUN_0001_FD_ROLL_ROLL_BQ873_07041043/input/qg_r001_center_roll_38d48f80.out
RUN_0001_FD_ROLL_ROLL_BQ8715_07041049,ROLL_BQ8715_07041049,FD_ROLL,curated,false,31.637137,31.040392,1.9224766,0.026081595,0.02049542,0.044786055,0.044786055,0.92128257,0.24543623,0.19275767,1.1927577,1.1927577,11.95968,14.265,11.97218,16.89,-0.05,,0.20685485,0.12183204,0.24543623,"{""Surge"":0.2777032104131175,""Sway"":0.46942437968411854,""Heave"":0.24580365053434305,""Pitch"":0.15520498561626386,""Yaw"":0.2045555335965262}","{""Surge"":0.13004178340036146,""Sway"":0.2811231135878405,""Heave"":0.032594922860306255,""Pitch"":0.24847735333665472,""Yaw"":0.10705157585119539}","{""J_wave"":0.044786054534221735,""J_shape"":0.9212825690458334,""env_err"":0.20685484991337977,""fp_err"":0.24543622619618075,""LERD"":0.006503664007973453,""LERM"":0.005711309383183172,""LER_err"":0.1218320355754631,""Tend"":519.8}",PASS,metrics computed from 04_current_runs/runs/RUN_0001_FD_ROLL_ROLL_BQ8715_07041049/input/qg_r001_center_roll_38d48f80.out
RUN_0001_FD_SURGE_AMP_SH_H054_SWTTD_Y15052_R8715_07041055,AMP_SH_H054_SWTTD_Y15052_R8715_07041055,FD_SURGE,curated,false,81.233333,82.763612,1.8489757,0.015076567,0.020242479,0.030248578,0.030248578,0.59001754,0.13034279,0.17546129,0.82453871,0.82453871,-23.215405,-19.142,-23.35351,-16.25,-0.05,,0.32766471,0.63369893,0.13034279,"{""Sway"":0.2489015869034002,""Heave"":0.15672441515496077,""Roll"":0.18951524636317846,""Pitch"":0.06223256604489145,""Yaw"":0.12811757058226744}","{""Sway"":0.15896017090110728,""Heave"":0.01968059507325694,""Roll"":0.03291602612100948,""Pitch"":0.10723769417504003,""Yaw"":0.03816688415976064}","{""J_wave"":0.03024857808842873,""J_shape"":0.5900175409793172,""env_err"":0.32766471022847815,""fp_err"":0.13034278694332171,""LERD"":0.003995852928715648,""LERM"":0.006528020645299744,""LER_err"":0.6336989278026277,""Tend"":740.9499999999999}",PASS,metrics computed from 04_current_runs/runs/RUN_0001_FD_SURGE_AMP_SH_H054_SWTTD_Y15052_R8715_07041055/input/qg_r001_center_surge_9d3daf69.out
RUN_0001_FD_SWAY_AMP_SH_H054_SWTTD_Y15052_R8715_07041055,AMP_SH_H054_SWTTD_Y15052_R8715_07041055,FD_SWAY,curated,false,81.4,79.430459,2.4795794,0.013087978,0.023182848,0.044253822,0.044253822,0.93028707,0.023367543,0.01594319,0.98405681,0.98405681,-15.1099,-14.869,-15.02749,-12.09,-0.05,,0.2845136,0.056140251,0.023367543,"{""Surge"":0.3057162178320112,""Heave"":0.18174100185556755,""Roll"":0.2387839676647434,""Pitch"":0.13109036736519702,""Yaw"":0.4087623814380954}","{""Surge"":0.09911156186697814,""Heave"":0.018040555839837675,""Roll"":0.11940848210435888,""Pitch"":0.0384504331662194,""Yaw"":0.1166189583607766}","{""J_wave"":0.0442538217597552,""J_shape"":0.9302870742843006,""env_err"":0.2845136019630128,""fp_err"":0.02336754316921068,""LERD"":0.008732298675839493,""LERM"":0.00824206523224549,""LER_err"":0.05614025147243075,""Tend"":899.8}",PASS,metrics computed from 04_current_runs/runs/RUN_0001_FD_SWAY_AMP_SH_H054_SWTTD_Y15052_R8715_07041055/input/qg_r001_center_sway_ac064de6.out
RUN_0001_FD_HEAVE_AMP_SH_H054_SWTTD_Y15052_R8715_07041055,AMP_SH_H054_SWTTD_Y15052_R8715_07041055,FD_HEAVE,curated,false,20.879211,20.719426,0.77118849,0.0027998432,0.0063011469,0.02312193,0.02312193,0.22512211,0.16373113,0.13024485,1.1302449,1.1302449,-8.2867,-9.366,-8.2962,-4.475,-0.05,,0.36460503,0.17087403,0.16373113,"{""Surge"":0.15321498859556268,""Sway"":0.4224868603485933,""Roll"":0.8522852665884975,""Pitch"":0.4458128313643016,""Yaw"":0.27186003168458434}","{""Surge"":0.694133163574395,""Sway"":0.3830351608671329,""Roll"":0.23088104002761986,""Pitch"":0.08142292151490593,""Yaw"":0.09687871817782223}","{""J_wave"":0.02312192959064781,""J_shape"":0.22512211464968587,""env_err"":0.36460503049534926,""fp_err"":0.16373112820840646,""LERD"":0.0029834655567953176,""LERM"":0.003493262325251931,""LER_err"":0.17087402510663147,""Tend"":399.8}",PASS,metrics computed from 04_current_runs/runs/RUN_0001_FD_HEAVE_AMP_SH_H054_SWTTD_Y15052_R8715_07041055/input/qg_r001_center_heave_adcda246.out
RUN_0001_FD_ROLL_AMP_SH_H054_SWTTD_Y15052_R8715_07041055,AMP_SH_H054_SWTTD_Y15052_R8715_07041055,FD_ROLL,curated,false,31.637137,31.040392,1.9224766,0.026081595,0.02049542,0.044786055,0.044786055,0.92128257,0.24543623,0.19275767,1.1927577,1.1927577,11.95968,14.265,11.97218,16.89,-0.05,,0.20685485,0.12183204,0.24543623,"{""Surge"":0.2777032104131175,""Sway"":0.46942437968411854,""Heave"":0.24580365053434305,""Pitch"":0.15520498561626386,""Yaw"":0.2045555335965262}","{""Surge"":0.13004178340036146,""Sway"":0.2811231135878405,""Heave"":0.032594922860306255,""Pitch"":0.24847735333665472,""Yaw"":0.10705157585119539}","{""J_wave"":0.044786054534221735,""J_shape"":0.9212825690458334,""env_err"":0.20685484991337977,""fp_err"":0.24543622619618075,""LERD"":0.006503664007973453,""LERM"":0.005711309383183172,""LER_err"":0.1218320355754631,""Tend"":519.8}",PASS,metrics computed from 04_current_runs/runs/RUN_0001_FD_ROLL_AMP_SH_H054_SWTTD_Y15052_R8715_07041055/input/qg_r001_center_roll_38d48f80.out
RUN_0001_FD_PITCH_AMP_SH_H054_SWTTD_Y15052_R8715_07041055,AMP_SH_H054_SWTTD_Y15052_R8715_07041055,FD_PITCH,curated,false,30.73641,30.598882,0.44945173,0.020101855,0.025569995,0.014083946,0.014083946,0.16482007,0.15431191,0.16161286,1.1616129,1.1616129,-9.03115,-10.4907,-9.028615,-9.679,-0.05,,0.13842681,0.85497007,0.15431191,"{""Surge"":0.46349418380491014,""Sway"":0.1427956476570348,""Heave"":0.2849441453767441,""Roll"":0.34124582835613526,""Yaw"":0.22108797343740516}","{""Surge"":0.3652553627158409,""Sway"":0.11511580438120428,""Heave"":0.09709203619753709,""Roll"":0.24451383619627762,""Yaw"":0.12733165013806358}","{""J_wave"":0.014083945710940987,""J_shape"":0.16482007279838723,""env_err"":0.13842681169967985,""fp_err"":0.1543119086633251,""LERD"":0.013125939777430977,""LERM"":0.024348225402297658,""LER_err"":0.8549700680603853,""Tend"":484.68}",PASS,metrics computed from 04_current_runs/runs/RUN_0001_FD_PITCH_AMP_SH_H054_SWTTD_Y15052_R8715_07041055/input/qg_r001_center_pitch_e18abe27.out
RUN_0001_FD_YAW_AMP_SH_H054_SWTTD_Y15052_R8715_07041055,AMP_SH_H054_SWTTD_Y15052_R8715_07041055,FD_YAW,curated,false,50.422274,50.687273,0.52281173,0.021631972,0.024700713,0.02290328,0.02290328,0.38771457,0.19275803,0.1951654,0.8048346,0.8048346,-18.0201,-14.5032,-17.8903,-15.05,-0.05,,0.26130353,0.93314977,0.19275803,"{""Surge"":0.45399477269519517,""Sway"":0.1842852202869055,""Heave"":0.21016862265645067,""Roll"":0.2669884176843142,""Pitch"":0.09151155617756035}","{""Surge"":0.1667131756781034,""Sway"":0.06151291011602063,""Heave"":0.00833951391833249,""Roll"":0.08748756161027149,""Pitch"":0.06650130575791667}","{""J_wave"":0.02290328031279385,""J_shape"":0.3877145705870468,""env_err"":0.26130353166719933,""fp_err"":0.19275802618053617,""LERD"":0.010254479339074602,""LERM"":0.019823444340927872,""LER_err"":0.9331497665991498,""Tend"":628.0}",PASS,metrics computed from 04_current_runs/runs/RUN_0001_FD_YAW_AMP_SH_H054_SWTTD_Y15052_R8715_07041055/input/qg_r001_center_yaw_fe6ed2b1.out
RUN_0002_FD_ROLL_AMP_SH_H054_SWTTD_Y15052_R8715_07041055,AMP_SH_H054_SWTTD_Y15052_R8715_07041055,FD_ROLL,curated,false,31.637137,31.040392,1.9224766,0.026081595,0.02049542,0.044786055,0.044786055,0.92128257,0.24543623,0.19275767,1.1927577,1.1927577,11.95968,14.265,11.97218,16.89,-0.05,,0.20685485,0.12183204,0.24543623,"{""Surge"":0.2777032104131175,""Sway"":0.46942437968411854,""Heave"":0.24580365053434305,""Pitch"":0.15520498561626386,""Yaw"":0.2045555335965262}","{""Surge"":0.13004178340036146,""Sway"":0.2811231135878405,""Heave"":0.032594922860306255,""Pitch"":0.24847735333665472,""Yaw"":0.10705157585119539}","{""J_wave"":0.044786054534221735,""J_shape"":0.9212825690458334,""env_err"":0.20685484991337977,""fp_err"":0.24543622619618075,""LERD"":0.006503664007973453,""LERM"":0.005711309383183172,""LER_err"":0.1218320355754631,""Tend"":519.8}",PASS,metrics computed from 04_current_runs/runs/RUN_0002_FD_ROLL_AMP_SH_H054_SWTTD_Y15052_R8715_07041055/input/qg_r001_center_roll_38d48f80.out
RUN_0001_FD_HEAVE_HEAVE_AF0_P2M_07041115,HEAVE_AF0_P2M_07041115,FD_HEAVE,curated,false,20.867188,20.719426,0.71315614,0.002412628,0.0063011469,0.023781412,0.023781412,0.22308062,0.22705375,0.18889305,1.188893,1.188893,-8.2867,-9.852,-8.2962,-4.475,-0.05,,0.3748773,0.085958374,0.22705375,"{""Surge"":0.1603007482955078,""Sway"":0.41412480572653493,""Roll"":0.8178414210771868,""Pitch"":0.42725912993546744,""Yaw"":0.2648576289015402}","{""Surge"":0.694133163574395,""Sway"":0.3830351608671329,""Roll"":0.23088104002761986,""Pitch"":0.08142292151490593,""Yaw"":0.09687871817782223}","{""J_wave"":0.023781412482090848,""J_shape"":0.22308061532696455,""env_err"":0.37487730154539906,""fp_err"":0.2270537531562374,""LERD"":0.0029834655567953176,""LERM"":0.003239919403807706,""LER_err"":0.0859583736196565,""Tend"":399.8}",PASS,metrics computed from 04_current_runs/runs/RUN_0001_FD_HEAVE_HEAVE_AF0_P2M_07041115/input/qg_r001_center_heave_adcda246.out
RUN_0001_FD_HEAVE_HEAVE_AF0_N2M_07041115,HEAVE_AF0_N2M_07041115,FD_HEAVE,curated,false,20.894265,20.719426,0.8438438,0.003162662,0.0063011469,0.023053821,0.023053821,0.23065566,0.10052044,0.07147598,1.071476,1.071476,-8.2867,-8.879,-8.2962,-4.475,-0.05,,0.35869093,0.28167513,0.10052044,"{""Surge"":0.1543064041895427,""Sway"":0.432248188414962,""Roll"":0.8892693540404072,""Pitch"":0.46735599159949925,""Yaw"":0.27388878287339224}","{""Surge"":0.694133163574395,""Sway"":0.3830351608671329,""Roll"":0.23088104002761986,""Pitch"":0.08142292151490593,""Yaw"":0.09687871817782223}","{""J_wave"":0.023053821462376885,""J_shape"":0.23065566193101558,""env_err"":0.35869092953619636,""fp_err"":0.10052044126533254,""LERD"":0.0029834655567953176,""LERM"":0.0038238336200955144,""LER_err"":0.2816751349403464,""Tend"":399.8}",PASS,metrics computed from 04_current_runs/runs/RUN_0001_FD_HEAVE_HEAVE_AF0_N2M_07041115/input/qg_r001_center_heave_adcda246.out
RUN_0001_FD_HEAVE_HEAVE_AF0_N15M_07041128,HEAVE_AF0_N15M_07041128,FD_HEAVE,curated,false,20.88871,20.719426,0.81703053,0.0030659114,0.0063011469,0.023015447,0.023015447,0.22898834,0.11638739,0.086198366,1.0861984,1.0861984,-8.2867,-9.001,-8.2962,-4.475,-0.05,,0.35974372,0.2257355,0.11638739,"{""Surge"":0.1522864673458381,""Sway"":0.4298258162930716,""Roll"":0.8799968044478621,""Pitch"":0.4614632428266992,""Yaw"":0.27376419019095527}","{""Surge"":0.694133163574395,""Sway"":0.3830351608671329,""Roll"":0.23088104002761986,""Pitch"":0.08142292151490593,""Yaw"":0.09687871817782223}","{""J_wave"":0.02301544664961298,""J_shape"":0.2289883351800367,""env_err"":0.3597437187199327,""fp_err"":0.1163873865913217,""LERD"":0.0029834655567953176,""LERM"":0.003656939636562347,""LER_err"":0.2257354968396016,""Tend"":399.8}",PASS,metrics computed from 04_current_runs/runs/RUN_0001_FD_HEAVE_HEAVE_AF0_N15M_07041128/input/qg_r001_center_heave_adcda246.out
RUN_0001_FD_SURGE_AMP_SH_HAF15_Y15052_R8715_07041136,AMP_SH_HAF15_Y15052_R8715_07041136,FD_SURGE,curated,false,81.233333,82.763612,1.8489757,0.015076567,0.020242479,0.030248578,0.030248578,0.59001754,0.13034279,0.17546129,0.82453871,0.82453871,-23.215405,-19.142,-23.35351,-16.25,-0.05,,0.32766471,0.63369893,0.13034279,"{""Sway"":0.2489015869034002,""Heave"":0.15672441515496077,""Roll"":0.18951524636317846,""Pitch"":0.06223256604489145,""Yaw"":0.12811757058226744}","{""Sway"":0.15896017090110728,""Heave"":0.01968059507325694,""Roll"":0.03291602612100948,""Pitch"":0.10723769417504003,""Yaw"":0.03816688415976064}","{""J_wave"":0.03024857808842873,""J_shape"":0.5900175409793172,""env_err"":0.32766471022847815,""fp_err"":0.13034278694332171,""LERD"":0.003995852928715648,""LERM"":0.006528020645299744,""LER_err"":0.6336989278026277,""Tend"":740.9499999999999}",PASS,metrics computed from 04_current_runs/runs/RUN_0001_FD_SURGE_AMP_SH_HAF15_Y15052_R8715_07041136/input/qg_r001_center_surge_9d3daf69.out
RUN_0001_FD_SWAY_AMP_SH_HAF15_Y15052_R8715_07041136,AMP_SH_HAF15_Y15052_R8715_07041136,FD_SWAY,curated,false,81.4,79.430459,2.4795794,0.013087978,0.023182848,0.044253822,0.044253822,0.93028707,0.023367543,0.01594319,0.98405681,0.98405681,-15.1099,-14.869,-15.02749,-12.09,-0.05,,0.2845136,0.056140251,0.023367543,"{""Surge"":0.3057162178320112,""Heave"":0.18174100185556755,""Roll"":0.2387839676647434,""Pitch"":0.13109036736519702,""Yaw"":0.4087623814380954}","{""Surge"":0.09911156186697814,""Heave"":0.018040555839837675,""Roll"":0.11940848210435888,""Pitch"":0.0384504331662194,""Yaw"":0.1166189583607766}","{""J_wave"":0.0442538217597552,""J_shape"":0.9302870742843006,""env_err"":0.2845136019630128,""fp_err"":0.02336754316921068,""LERD"":0.008732298675839493,""LERM"":0.00824206523224549,""LER_err"":0.05614025147243075,""Tend"":899.8}",PASS,metrics computed from 04_current_runs/runs/RUN_0001_FD_SWAY_AMP_SH_HAF15_Y15052_R8715_07041136/input/qg_r001_center_sway_ac064de6.out
RUN_0001_FD_HEAVE_AMP_SH_HAF15_Y15052_R8715_07041136,AMP_SH_HAF15_Y15052_R8715_07041136,FD_HEAVE,curated,false,20.88871,20.719426,0.81703053,0.0030659114,0.0063011469,0.023015447,0.023015447,0.22898834,0.11638739,0.086198366,1.0861984,1.0861984,-8.2867,-9.001,-8.2962,-4.475,-0.05,,0.35974372,0.2257355,0.11638739,"{""Surge"":0.1522864673458381,""Sway"":0.4298258162930716,""Roll"":0.8799968044478621,""Pitch"":0.4614632428266992,""Yaw"":0.27376419019095527}","{""Surge"":0.694133163574395,""Sway"":0.3830351608671329,""Roll"":0.23088104002761986,""Pitch"":0.08142292151490593,""Yaw"":0.09687871817782223}","{""J_wave"":0.02301544664961298,""J_shape"":0.2289883351800367,""env_err"":0.3597437187199327,""fp_err"":0.1163873865913217,""LERD"":0.0029834655567953176,""LERM"":0.003656939636562347,""LER_err"":0.2257354968396016,""Tend"":399.8}",PASS,metrics computed from 04_current_runs/runs/RUN_0001_FD_HEAVE_AMP_SH_HAF15_Y15052_R8715_07041136/input/qg_r001_center_heave_adcda246.out
RUN_0001_FD_ROLL_AMP_SH_HAF15_Y15052_R8715_07041136,AMP_SH_HAF15_Y15052_R8715_07041136,FD_ROLL,curated,false,31.637137,31.040392,1.9224766,0.026081595,0.02049542,0.044786055,0.044786055,0.92128257,0.24543623,0.19275767,1.1927577,1.1927577,11.95968,14.265,11.97218,16.89,-0.05,,0.20685485,0.12183204,0.24543623,"{""Surge"":0.2777032104131175,""Sway"":0.46942437968411854,""Heave"":0.24580365053434305,""Pitch"":0.15520498561626386,""Yaw"":0.2045555335965262}","{""Surge"":0.13004178340036146,""Sway"":0.2811231135878405,""Heave"":0.032594922860306255,""Pitch"":0.24847735333665472,""Yaw"":0.10705157585119539}","{""J_wave"":0.044786054534221735,""J_shape"":0.9212825690458334,""env_err"":0.20685484991337977,""fp_err"":0.24543622619618075,""LERD"":0.006503664007973453,""LERM"":0.005711309383183172,""LER_err"":0.1218320355754631,""Tend"":519.8}",PASS,metrics computed from 04_current_runs/runs/RUN_0001_FD_ROLL_AMP_SH_HAF15_Y15052_R8715_07041136/input/qg_r001_center_roll_38d48f80.out
RUN_0001_FD_PITCH_AMP_SH_HAF15_Y15052_R8715_07041136,AMP_SH_HAF15_Y15052_R8715_07041136,FD_PITCH,curated,false,30.73641,30.598882,0.44945173,0.020101855,0.025569995,0.014083946,0.014083946,0.16482007,0.15431191,0.16161286,1.1616129,1.1616129,-9.03115,-10.4907,-9.028615,-9.679,-0.05,,0.13842681,0.85497007,0.15431191,"{""Surge"":0.46349418380491014,""Sway"":0.1427956476570348,""Heave"":0.2849441453767441,""Roll"":0.34124582835613526,""Yaw"":0.22108797343740516}","{""Surge"":0.3652553627158409,""Sway"":0.11511580438120428,""Heave"":0.09709203619753709,""Roll"":0.24451383619627762,""Yaw"":0.12733165013806358}","{""J_wave"":0.014083945710940987,""J_shape"":0.16482007279838723,""env_err"":0.13842681169967985,""fp_err"":0.1543119086633251,""LERD"":0.013125939777430977,""LERM"":0.024348225402297658,""LER_err"":0.8549700680603853,""Tend"":484.68}",PASS,metrics computed from 04_current_runs/runs/RUN_0001_FD_PITCH_AMP_SH_HAF15_Y15052_R8715_07041136/input/qg_r001_center_pitch_e18abe27.out
RUN_0001_FD_YAW_AMP_SH_HAF15_Y15052_R8715_07041136,AMP_SH_HAF15_Y15052_R8715_07041136,FD_YAW,curated,false,50.422274,50.687273,0.52281173,0.021631972,0.024700713,0.02290328,0.02290328,0.38771457,0.19275803,0.1951654,0.8048346,0.8048346,-18.0201,-14.5032,-17.8903,-15.05,-0.05,,0.26130353,0.93314977,0.19275803,"{""Surge"":0.45399477269519517,""Sway"":0.1842852202869055,""Heave"":0.21016862265645067,""Roll"":0.2669884176843142,""Pitch"":0.09151155617756035}","{""Surge"":0.1667131756781034,""Sway"":0.06151291011602063,""Heave"":0.00833951391833249,""Roll"":0.08748756161027149,""Pitch"":0.06650130575791667}","{""J_wave"":0.02290328031279385,""J_shape"":0.3877145705870468,""env_err"":0.26130353166719933,""fp_err"":0.19275802618053617,""LERD"":0.010254479339074602,""LERM"":0.019823444340927872,""LER_err"":0.9331497665991498,""Tend"":628.0}",PASS,metrics computed from 04_current_runs/runs/RUN_0001_FD_YAW_AMP_SH_HAF15_Y15052_R8715_07041136/input/qg_r001_center_yaw_fe6ed2b1.out
RUN_0002_FD_HEAVE_AMP_SH_HAF15_Y15052_R8715_07041136,AMP_SH_HAF15_Y15052_R8715_07041136,FD_HEAVE,curated,false,20.88871,20.719426,0.81703053,0.0030659114,0.0063011469,0.023015447,0.023015447,0.22898834,0.11638739,0.086198366,1.0861984,1.0861984,-8.2867,-9.001,-8.2962,-4.475,-0.05,,0.35974372,0.2257355,0.11638739,"{""Surge"":0.1522864673458381,""Sway"":0.4298258162930716,""Roll"":0.8799968044478621,""Pitch"":0.4614632428266992,""Yaw"":0.27376419019095527}","{""Surge"":0.694133163574395,""Sway"":0.3830351608671329,""Roll"":0.23088104002761986,""Pitch"":0.08142292151490593,""Yaw"":0.09687871817782223}","{""J_wave"":0.02301544664961298,""J_shape"":0.2289883351800367,""env_err"":0.3597437187199327,""fp_err"":0.1163873865913217,""LERD"":0.0029834655567953176,""LERM"":0.003656939636562347,""LER_err"":0.2257354968396016,""Tend"":399.8}",PASS,metrics computed from 04_current_runs/runs/RUN_0002_FD_HEAVE_AMP_SH_HAF15_Y15052_R8715_07041136/input/qg_r001_center_heave_adcda246.out
RUN_0001_FD_SURGE_BQIC_SURGE_0704123214_F098_I072,BQIC_SURGE_0704123214_F098_I072,FD_SURGE,curated,false,84.227651,82.763612,1.7689399,0.010794379,0.020242479,0.031796636,0.031796636,0.75010215,0.10013453,0.13622011,0.86377989,0.86377989,-23.215405,-20.053,-23.35351,-16.72,-0.05,,0.30110899,1.8091744,0.10013453,"{""Sway"":0.13013934809917363,""Heave"":0.15030557105954243,""Roll"":0.1759719927843612,""Pitch"":0.07962268997446233,""Yaw"":0.12684630178828468}","{""Sway"":0.15896017090110728,""Heave"":0.01968059507325694,""Roll"":0.03291602612100948,""Pitch"":0.10723769417504003,""Yaw"":0.03816688415976064}","{""J_wave"":0.031796635681229424,""J_shape"":0.7501021507859351,""env_err"":0.3011089925433015,""fp_err"":0.10013453185406779,""LERD"":0.003995852928715648,""LERM"":0.01122504759549751,""LER_err"":1.809174360455123,""Tend"":740.9499999999999}",PASS,metrics computed from 04_current_runs/runs/RUN_0001_FD_SURGE_BQIC_SURGE_0704123214_F098_I072/input/qg_r001_center_surge_9d3daf69.out
RUN_0001_FD_SWAY_SWAY_CL0_0704204604,SWAY_CL0_0704204604,FD_SWAY,curated,false,78.900811,79.430459,0.6668067,0.017178928,0.023182848,0.030759521,0.030759521,0.70818228,0.046287432,0.029973726,0.97002627,0.97002627,-15.1099,-14.657,-15.02749,-12.09,-0.05,,0.32441191,0.58436715,0.046287432,"{""Surge"":0.3086119452869999,""Heave"":0.19223546459320234,""Roll"":0.2537760128433758,""Pitch"":0.12455115818813155,""Yaw"":0.403095749951994}","{""Surge"":0.09911156186697814,""Heave"":0.018040555839837675,""Roll"":0.11940848210435888,""Pitch"":0.0384504331662194,""Yaw"":0.1166189583607766}","{""J_wave"":0.03075952058164098,""J_shape"":0.7081822765584365,""env_err"":0.32441191149328547,""fp_err"":0.04628743225115068,""LERD"":0.008732298675839493,""LERM"":0.003629430184270539,""LER_err"":0.5843671501625981,""Tend"":899.8}",PASS,metrics computed from 04_current_runs/runs/RUN_0001_FD_SWAY_SWAY_CL0_0704204604/input/qg_r001_center_sway_ac064de6.out
RUN_0001_FD_SWAY_SWAY_CL0_BL300_0704205458,SWAY_CL0_BL300_0704205458,FD_SWAY,curated,false,75.8,79.430459,4.5706128,0.010908052,0.023182848,0.038568367,0.038568367,0.67277637,0.017580396,0.042548263,0.95745174,0.95745174,-15.1099,-14.467,-15.02749,-12.09,-0.05,,0.39162327,0.88624509,0.017580396,"{""Surge"":0.29706460696519754,""Heave"":0.210848648561588,""Roll"":0.2731108552254963,""Pitch"":0.15660117261518747,""Yaw"":0.44710714208295055}","{""Surge"":0.09911156186697814,""Heave"":0.018040555839837675,""Roll"":0.11940848210435888,""Pitch"":0.0384504331662194,""Yaw"":0.1166189583607766}","{""J_wave"":0.038568367005898385,""J_shape"":0.6727763680188721,""env_err"":0.3916232689790168,""fp_err"":0.017580395708648756,""LERD"":0.008732298675839493,""LERM"":0.0009933418479437816,""LER_err"":0.8862450902312632,""Tend"":899.8}",PASS,metrics computed from 04_current_runs/runs/RUN_0001_FD_SWAY_SWAY_CL0_BL300_0704205458/input/qg_r001_center_sway_ac064de6.out
RUN_0001_FD_SWAY_SWAY_CLN8K_0704210327,SWAY_CLN8K_0704210327,FD_SWAY,curated,false,81.121402,79.430459,2.1288343,0.014754414,0.023182848,0.041266163,0.041266163,0.89423138,0.034503658,0.030370816,0.96962918,0.96962918,-15.1099,-14.651,-15.02749,-12.09,-0.05,,0.32661908,0.50930759,0.034503658,"{""Surge"":0.2786527285917102,""Heave"":0.195309981596833,""Roll"":0.24915837400079693,""Pitch"":0.12299437946637098,""Yaw"":0.46224918052500047}","{""Surge"":0.09911156186697814,""Heave"":0.018040555839837675,""Roll"":0.11940848210435888,""Pitch"":0.0384504331662194,""Yaw"":0.1166189583607766}","{""J_wave"":0.04126616283347061,""J_shape"":0.8942313788496788,""env_err"":0.32661907974871573,""fp_err"":0.034503658390373,""LERD"":0.008732298675839493,""LERM"":0.004284872701870527,""LER_err"":0.5093075877344982,""Tend"":899.8}",PASS,metrics computed from 04_current_runs/runs/RUN_0001_FD_SWAY_SWAY_CLN8K_0704210327/input/qg_r001_center_sway_ac064de6.out
RUN_0001_FD_HEAVE_HEAVE_BL100_0704211242,HEAVE_BL100_0704211242,FD_HEAVE,curated,false,20.9,20.719426,0.87152201,0.00058122261,0.0063011469,0.021505,0.021505,0.26534368,0.1222191,0.085232964,1.085233,1.085233,-8.2867,-8.993,-8.2962,-4.475,-0.05,,0.33018984,0.058580202,0.1222191,"{""Surge"":0.16116177471839865,""Sway"":0.44526365955858715,""Roll"":0.9041367979051661,""Pitch"":0.5003389523199753,""Yaw"":0.3384964074768695}","{""Surge"":0.694133163574395,""Sway"":0.3830351608671329,""Roll"":0.23088104002761986,""Pitch"":0.08142292151490593,""Yaw"":0.09687871817782223}","{""J_wave"":0.021504999794293385,""J_shape"":0.26534367995334757,""env_err"":0.3301898447671791,""fp_err"":0.12221909604598445,""LERD"":0.002003839225521178,""LERM"":0.0018864539183880444,""LER_err"":0.05858020226278528,""Tend"":481.07000000000005}",PASS,metrics computed from 04_current_runs/runs/RUN_0001_FD_HEAVE_HEAVE_BL100_0704211242/input/qg_r001_center_heave_adcda246.out
RUN_0001_FD_HEAVE_HEAVE_BL50_0704212109,HEAVE_BL50_0704212109,FD_HEAVE,curated,false,20.9,20.719426,0.87152201,0.00054537111,0.0063011469,0.021246587,0.021246587,0.25284901,0.12136889,0.085232964,1.085233,1.085233,-8.2867,-8.993,-8.2962,-4.475,-0.05,,0.3261384,0.1882602,0.12136889,"{""Surge"":0.16949165246359318,""Sway"":0.4437988989306658,""Roll"":0.9001402463527944,""Pitch"":0.49964811097057826,""Yaw"":0.33804635931085986}","{""Surge"":0.694133163574395,""Sway"":0.3830351608671329,""Roll"":0.23088104002761986,""Pitch"":0.08142292151490593,""Yaw"":0.09687871817782223}","{""J_wave"":0.021246587320845844,""J_shape"":0.25284901354013584,""env_err"":0.3261384010841078,""fp_err"":0.12136889230893493,""LERD"":0.002003839225521178,""LERM"":0.0023810823979223345,""LER_err"":0.18826019951927,""Tend"":481.07000000000005}",PASS,metrics computed from 04_current_runs/runs/RUN_0001_FD_HEAVE_HEAVE_BL50_0704212109/input/qg_r001_center_heave_adcda246.out
RUN_0001_FD_SURGE_SURGE_CL0_0704212954,SURGE_CL0_0704212954,FD_SURGE,curated,false,82.204048,82.763612,0.6761,0.012457733,0.020242479,0.038903151,0.038903151,0.90501534,0.13009432,0.1610743,0.8389257,0.8389257,-23.215405,-19.476,-23.35351,-16.25,-0.05,,0.3162678,3.6769558,0.13009432,"{""Sway"":0.219858211139894,""Heave"":0.15429835227045852,""Roll"":0.1991083551146,""Pitch"":0.06140424332351984,""Yaw"":0.15145814269729382}","{""Sway"":0.15896017090110728,""Heave"":0.01968059507325694,""Roll"":0.03291602612100948,""Pitch"":0.10723769417504003,""Yaw"":0.03816688415976064}","{""J_wave"":0.038903150665819605,""J_shape"":0.9050153447648005,""env_err"":0.3162677969892964,""fp_err"":0.13009432426837028,""LERD"":0.003995852928715648,""LERM"":0.018688427672009924,""LER_err"":3.6769558353131835,""Tend"":740.9499999999999}",PASS,metrics computed from 04_current_runs/runs/RUN_0001_FD_SURGE_SURGE_CL0_0704212954/input/qg_r001_center_surge_9d3daf69.out
RUN_0001_FD_SURGE_SURGE_CL5K_0704213825,SURGE_CL5K_0704213825,FD_SURGE,curated,false,79.75,82.763612,3.6412287,0.017435315,0.020242479,0.028648379,0.028648379,0.53716422,0.14723985,0.16426183,0.83573817,0.83573817,-23.215405,-19.402,-23.35351,-16.25,-0.05,,0.32015225,5.2508368,0.14723985,"{""Sway"":0.15236519902818305,""Heave"":0.15501413457322968,""Roll"":0.1842319509789522,""Pitch"":0.07379223143651793,""Yaw"":0.14115260575403096}","{""Sway"":0.15896017090110728,""Heave"":0.01968059507325694,""Roll"":0.03291602612100948,""Pitch"":0.10723769417504003,""Yaw"":0.03816688415976064}","{""J_wave"":0.028648378565696412,""J_shape"":0.5371642176618397,""env_err"":0.3201522492406564,""fp_err"":0.14723985482106375,""LERD"":0.003995852928715648,""LERM"":0.024977424356680517,""LER_err"":5.250836755573181,""Tend"":740.9499999999999}",PASS,metrics computed from 04_current_runs/runs/RUN_0001_FD_SURGE_SURGE_CL5K_0704213825/input/qg_r001_center_surge_9d3daf69.out
RUN_0001_FD_SURGE_SURGE_IC16715_CL8K_0704214734,SURGE_IC16715_CL8K_0704214734,FD_SURGE,curated,false,87.283333,82.763612,5.4610001,0.016479812,0.020242479,0.031318898,0.031318898,0.69295789,0.13580992,0.15151168,0.84848832,0.84848832,-23.215405,-19.698,-23.35351,-16.72,-0.05,,0.31665941,5.3943771,0.13580992,"{""Sway"":0.14497391227144088,""Heave"":0.15047914003272933,""Roll"":0.18461280610753736,""Pitch"":0.07349185374614266,""Yaw"":0.12706100844577448}","{""Sway"":0.15896017090110728,""Heave"":0.01968059507325694,""Roll"":0.03291602612100948,""Pitch"":0.10723769417504003,""Yaw"":0.03816688415976064}","{""J_wave"":0.031318898186730976,""J_shape"":0.692957887862578,""env_err"":0.3166594138188445,""fp_err"":0.13580992426613547,""LERD"":0.003995852928715648,""LERM"":0.025550990606383484,""LER_err"":5.394377136046425,""Tend"":740.9499999999999}",PASS,metrics computed from 04_current_runs/runs/RUN_0001_FD_SURGE_SURGE_IC16715_CL8K_0704214734/input/qg_r001_center_surge_9d3daf69.out
RUN_0001_FD_SWAY_SWAY_IC1230_0704215651,SWAY_IC1230_0704215651,FD_SWAY,curated,false,81.645833,79.430459,2.7890745,0.016066817,0.023182848,0.045166176,0.045166176,0.84194649,0.032921035,0.0081999219,0.99180008,0.99180008,-15.1099,-14.986,-15.02749,-12.3,-0.05,,0.31303015,0.85528656,0.032921035,"{""Surge"":0.252840203405689,""Heave"":0.18364807543470255,""Roll"":0.24199345689236637,""Pitch"":0.15124022127409842,""Yaw"":0.42568618320198853}","{""Surge"":0.09911156186697814,""Heave"":0.018040555839837675,""Roll"":0.11940848210435888,""Pitch"":0.0384504331662194,""Yaw"":0.1166189583607766}","{""J_wave"":0.045166176109711846,""J_shape"":0.8419464895647935,""env_err"":0.31303015112502053,""fp_err"":0.03292103457378224,""LERD"":0.008732298675839493,""LERM"":0.0012636810157694647,""LER_err"":0.8552865559596793,""Tend"":899.8}",PASS,metrics computed from 04_current_runs/runs/RUN_0001_FD_SWAY_SWAY_IC1230_0704215651/input/qg_r001_center_sway_ac064de6.out
RUN_0001_FD_SURGE_PHYS_SURGE_BASE_40534Z0000,PHYS_SURGE_BASE_40534Z0000,FD_SURGE,curated,false,11.255791,82.763612,86.400072,0.0026395132,0.020242479,0.14118563,0.14118563,1.1083569,0.60587018,0.62537246,0.37462754,-0.37462754,-23.215405,8.69713,-23.35351,23.22,0,,0.63018581,0.75465199,0.60587018,"{""Sway"":0.1245081655367507,""Heave"":0.05331231566343966,""Roll"":0.025185943763258476,""Pitch"":0.5750014765506691,""Yaw"":0.053891836712260506}","{""Sway"":0.15896017090110728,""Heave"":0.01968059507325694,""Roll"":0.03291602612100948,""Pitch"":0.10723769417504003,""Yaw"":0.03816688415976064}","{""J_wave"":0.14118563128170775,""J_shape"":1.1083568981056875,""env_err"":0.6301858072313558,""fp_err"":0.6058701814377145,""LERD"":0.003995852928715648,""LERM"":0.0009803745633323083,""LER_err"":0.7546519902454414,""Tend"":740.9499999999999}",PASS,metrics computed from 04_current_runs/runs/RUN_0001_FD_SURGE_PHYS_SURGE_BASE_40534Z0000/input/OpenFAST_input_files/IEA-15-240-RWT-UMaineSemi.out
RUN_0001_FD_HEAVE_HEAVE_AF0_N175M_0704221224,HEAVE_AF0_N175M_0704221224,FD_HEAVE,curated,false,20.9,20.719426,0.87152201,0.00050667701,0.0063011469,0.021025293,0.021025293,0.24624912,0.12060989,0.085353639,1.0853536,1.0853536,-8.2867,-8.994,-8.2962,-4.475,-0.05,,0.32240912,0.45954802,0.12060989,"{""Surge"":0.15604687104536613,""Sway"":0.4411232988418794,""Roll"":0.8959786684937965,""Pitch"":0.49896750487675035,""Yaw"":0.3419924454547608}","{""Surge"":0.694133163574395,""Sway"":0.3830351608671329,""Roll"":0.23088104002761986,""Pitch"":0.08142292151490593,""Yaw"":0.09687871817782223}","{""J_wave"":0.02102529265872948,""J_shape"":0.24624911556440363,""env_err"":0.3224091246260157,""fp_err"":0.12060988506347717,""LERD"":0.002003839225521178,""LERM"":0.0029246995668946443,""LER_err"":0.4595480164502519,""Tend"":481.07000000000005}",PASS,metrics computed from 04_current_runs/runs/RUN_0001_FD_HEAVE_HEAVE_AF0_N175M_0704221224/input/qg_r001_center_heave_adcda246.out
RUN_0001_FD_YAW_YAW_EQIC_0704222630,YAW_EQIC_0704222630,FD_YAW,curated,false,47.144223,50.687273,6.9900205,0.0099292162,0.024700713,0.060815494,0.060815494,1.4831158,0.016390633,0.011398383,0.98860162,0.98860162,-18.0201,-17.8147,-17.8903,-18.57,-0.05,,0.20808078,1.3239752,0.016390633,"{""Surge"":0.8713208983196934,""Sway"":0.19430674660434036,""Heave"":0.17993462092210386,""Roll"":0.23169869863055045,""Pitch"":0.08244017304113044}","{""Surge"":0.1667131756781034,""Sway"":0.06151291011602063,""Heave"":0.00833951391833249,""Roll"":0.08748756161027149,""Pitch"":0.06650130575791667}","{""J_wave"":0.06081549391135439,""J_shape"":1.4831157645731452,""env_err"":0.2080807812882493,""fp_err"":0.016390633178127587,""LERD"":0.010254479339074602,""LERM"":0.023831155977530313,""LER_err"":1.3239752297049256,""Tend"":628.0}",PASS,metrics computed from 04_current_runs/runs/RUN_0001_FD_YAW_YAW_EQIC_0704222630/input/qg_r001_center_yaw_fe6ed2b1.out
RUN_0001_FD_YAW_YAW_EQIC87_0704223546,YAW_EQIC87_0704223546,FD_YAW,curated,false,49.279766,50.687273,2.7768449,0.011339023,0.024700713,0.032635537,0.032635537,0.92250597,0.13103487,0.14406135,0.85593865,0.85593865,-18.0201,-15.4241,-17.8903,-16.22,-0.05,,0.23740514,0.12487726,0.13103487,"{""Surge"":0.5978119244042592,""Sway"":0.2475704395968081,""Heave"":0.19836391913332208,""Roll"":0.25986362141217245,""Pitch"":0.08159434226774714}","{""Surge"":0.1667131756781034,""Sway"":0.06151291011602063,""Heave"":0.00833951391833249,""Roll"":0.08748756161027149,""Pitch"":0.06650130575791667}","{""J_wave"":0.03263553730733539,""J_shape"":0.9225059721442134,""env_err"":0.23740514058852735,""fp_err"":0.13103486745538456,""LERD"":0.010254479339074602,""LERM"":0.011535030649792168,""LER_err"":0.12487726274292996,""Tend"":628.0}",PASS,metrics computed from 04_current_runs/runs/RUN_0001_FD_YAW_YAW_EQIC87_0704223546/input/qg_r001_center_yaw_fe6ed2b1.out
RUN_0001_FD_YAW_YAW_EQIC87_CL105_0704224441,YAW_EQIC87_CL105_0704224441,FD_YAW,curated,false,51.942967,50.687273,2.4773351,0.0100725,0.024700713,0.027838185,0.027838185,0.79392188,0.098339508,0.13942764,0.86057236,0.86057236,-18.0201,-15.5076,-17.8903,-16.22,-0.05,,0.24407463,0.68393183,0.098339508,"{""Surge"":0.6898511173566759,""Sway"":0.39625984016667526,""Heave"":0.19390817904033453,""Roll"":0.2531297316199718,""Pitch"":0.08190962728536626}","{""Surge"":0.1667131756781034,""Sway"":0.06151291011602063,""Heave"":0.00833951391833249,""Roll"":0.08748756161027149,""Pitch"":0.06650130575791667}","{""J_wave"":0.027838184920921945,""J_shape"":0.7939218750140764,""env_err"":0.2440746262374299,""fp_err"":0.09833950789236348,""LERD"":0.010254479339074602,""LERM"":0.017267844123086306,""LER_err"":0.6839318264836071,""Tend"":628.0}",PASS,metrics computed from 04_current_runs/runs/RUN_0001_FD_YAW_YAW_EQIC87_CL105_0704224441/input/qg_r001_center_yaw_fe6ed2b1.out
RUN_0001_FD_YAW_YAW_EQIC87_CL105_BQ2X_0704225331,YAW_EQIC87_CL105_BQ2X_0704225331,FD_YAW,curated,false,49.99918,50.687273,1.3575268,0.0060903111,0.024700713,0.04395399,0.04395399,0.84961855,0.091485922,0.1397273,0.8602727,0.8602727,-18.0201,-15.5022,-17.8903,-16.22,-0.05,,0.38191706,2.1081482,0.091485922,"{""Surge"":0.7568453246980859,""Sway"":0.24017635655526798,""Heave"":0.2460884246365612,""Roll"":0.32121731368786755,""Pitch"":0.13917150397014685}","{""Surge"":0.1667131756781034,""Sway"":0.06151291011602063,""Heave"":0.00833951391833249,""Roll"":0.08748756161027149,""Pitch"":0.06650130575791667}","{""J_wave"":0.043953989502690194,""J_shape"":0.8496185483396761,""env_err"":0.38191705953173366,""fp_err"":0.0914859217650959,""LERD"":0.010254479339074602,""LERM"":0.03187244104962918,""LER_err"":2.1081481561115956,""Tend"":628.0}",PASS,metrics computed from 04_current_runs/runs/RUN_0001_FD_YAW_YAW_EQIC87_CL105_BQ2X_0704225331/input/qg_r001_center_yaw_fe6ed2b1.out
RUN_0001_FD_YAW_YAW_EQIC87_CL105_BL100_0704230212,YAW_EQIC87_CL105_BL100_0704230212,FD_YAW,curated,false,49.742302,50.687273,1.8643176,0.013603856,0.024700713,0.022013951,0.022013951,0.47545593,0.11983084,0.13290159,0.86709841,0.86709841,-18.0201,-15.6252,-17.8903,-16.22,-0.05,,0.2304299,3.5052749,0.11983084,"{""Surge"":0.49277841811264905,""Sway"":0.25067019569709637,""Heave"":0.19751748855666773,""Roll"":0.25322350536071203,""Pitch"":0.13447940304288653}","{""Surge"":0.1667131756781034,""Sway"":0.06151291011602063,""Heave"":0.00833951391833249,""Roll"":0.08748756161027149,""Pitch"":0.06650130575791667}","{""J_wave"":0.022013951392374373,""J_shape"":0.4754559313193684,""env_err"":0.2304299027304106,""fp_err"":0.11983083631237279,""LERD"":0.010254479339074602,""LERM"":0.046199248876932414,""LER_err"":3.5052749485671684,""Tend"":628.0}",PASS,metrics computed from 04_current_runs/runs/RUN_0001_FD_YAW_YAW_EQIC87_CL105_BL100_0704230212/input/qg_r001_center_yaw_fe6ed2b1.out
RUN_0001_FD_YAW_YAW_EQIC83_0704231051,YAW_EQIC83_0704231051,FD_YAW,curated,false,50.637709,50.687273,0.09778511,0.011142467,0.024700713,0.018854138,0.018854138,0.2617638,0.20519907,0.17318439,0.82681561,0.82681561,-18.0201,-14.8993,-17.8903,-15.5,-0.05,,0.23121725,3.4338368,0.20519907,"{""Surge"":0.4962289226895837,""Sway"":0.22895502045895347,""Heave"":0.1860951917283685,""Roll"":0.2548005235893933,""Pitch"":0.08789397048526754}","{""Surge"":0.1667131756781034,""Sway"":0.06151291011602063,""Heave"":0.00833951391833249,""Roll"":0.08748756161027149,""Pitch"":0.06650130575791667}","{""J_wave"":0.01885413808897132,""J_shape"":0.26176379614080736,""env_err"":0.23121725254195175,""fp_err"":0.2051990672703341,""LERD"":0.010254479339074602,""LERM"":0.04546668829158748,""LER_err"":3.433836842240939,""Tend"":628.0}",PASS,metrics computed from 04_current_runs/runs/RUN_0001_FD_YAW_YAW_EQIC83_0704231051/input/qg_r001_center_yaw_fe6ed2b1.out
RUN_0001_FD_SURGE_SURGE_EQIC90_0704231943,SURGE_EQIC90_0704231943,FD_SURGE,curated,false,76.46875,82.763612,7.6058333,0.0081746064,0.020242479,0.02424932,0.02424932,0.54810757,0.070300159,0.055756296,0.9442437,0.9442437,-23.215405,-21.921,-23.35351,-18,-0.05,,0.27404734,0.67685601,0.070300159,"{""Sway"":0.24882520277952547,""Heave"":0.1393799650787458,""Roll"":0.1705481797334937,""Pitch"":0.060556438155806504,""Yaw"":0.18227905050236104}","{""Sway"":0.15896017090110728,""Heave"":0.01968059507325694,""Roll"":0.03291602612100948,""Pitch"":0.10723769417504003,""Yaw"":0.03816688415976064}","{""J_wave"":0.02424931953782501,""J_shape"":0.5481075668438792,""env_err"":0.2740473386178272,""fp_err"":0.07030015867831109,""LERD"":0.003995852928715648,""LERM"":0.006700470015676119,""LER_err"":0.6768560142752282,""Tend"":740.9499999999999}",PASS,metrics computed from 04_current_runs/runs/RUN_0001_FD_SURGE_SURGE_EQIC90_0704231943/input/qg_r001_center_surge_9d3daf69.out
RUN_0001_FD_SURGE_SURGE_UL0995_0705100839,SURGE_UL0995_0705100839,FD_SURGE,curated,false,83.694587,82.763612,1.1248603,0.023792552,0.020242479,0.026695989,0.026695989,0.41469578,0.14455707,0.1537085,0.8462915,0.8462915,-23.215405,-19.647,-23.35351,-16.25,-0.05,,0.29874116,0.5949472,0.14455707,"{""Sway"":0.14235681333831454,""Heave"":0.1534792632178656,""Roll"":0.1861497810928997,""Pitch"":0.05957696820491057,""Yaw"":0.1556751250135553}","{""Sway"":0.15896017090110728,""Heave"":0.01968059507325694,""Roll"":0.03291602612100948,""Pitch"":0.10723769417504003,""Yaw"":0.03816688415976064}","{""J_wave"":0.02669598879644862,""J_shape"":0.4146957764935628,""env_err"":0.29874116364128406,""fp_err"":0.14455707480034655,""LERD"":0.005620400769700252,""LERM"":0.008964242447092834,""LER_err"":0.5949471958333172,""Tend"":599.8}",PASS,metrics computed from 04_current_runs/runs/RUN_0001_FD_SURGE_SURGE_UL0995_0705100839/input/qg_r001_center_surge_9d3daf69.out
RUN_0001_FD_SURGE_SURGE_UL0995_FULL_0705101534,SURGE_UL0995_FULL_0705101534,FD_SURGE,curated,false,77.925,82.763612,5.846304,0.0092842611,0.020242479,0.026034006,0.026034006,0.5478177,0.1696157,0.14711805,0.85288195,0.85288195,-23.215405,-19.8,-23.35351,-16.25,-0.05,,0.30600384,1.436428,0.1696157,"{""Sway"":0.21309471945767938,""Heave"":0.1523428498277086,""Roll"":0.1871718457269227,""Pitch"":0.07214657433003904,""Yaw"":0.1748207828426665}","{""Sway"":0.15896017090110728,""Heave"":0.01968059507325694,""Roll"":0.03291602612100948,""Pitch"":0.10723769417504003,""Yaw"":0.03816688415976064}","{""J_wave"":0.026034006119976374,""J_shape"":0.5478176973723744,""env_err"":0.30600384023313554,""fp_err"":0.1696157041165454,""LERD"":0.003995852928715648,""LERM"":0.009735608139285416,""LER_err"":1.4364280450168239,""Tend"":740.9499999999999}",PASS,metrics computed from 04_current_runs/runs/RUN_0001_FD_SURGE_SURGE_UL0995_FULL_0705101534/input/qg_r001_center_surge_9d3daf69.out
RUN_0001_FD_SURGE_SURGE_UL1005_FULL_0705102530,SURGE_UL1005_FULL_0705102530,FD_SURGE,curated,false,83.208592,82.763612,0.53765141,0.012259795,0.020242479,0.035374317,0.035374317,0.85494851,0.15624366,0.17485825,0.82514175,0.82514175,-23.215405,-19.156,-23.35351,-16.25,-0.05,,0.3420984,1.5385299,0.15624366,"{""Sway"":0.1655797147714726,""Heave"":0.15984182623052517,""Roll"":0.20231695895948382,""Pitch"":0.06344826168359168,""Yaw"":0.15376287927987098}","{""Sway"":0.15896017090110728,""Heave"":0.01968059507325694,""Roll"":0.03291602612100948,""Pitch"":0.10723769417504003,""Yaw"":0.03816688415976064}","{""J_wave"":0.035374316520428536,""J_shape"":0.8549485058614582,""env_err"":0.34209840407913455,""fp_err"":0.15624365635324466,""LERD"":0.003995852928715648,""LERM"":0.010143592019837533,""LER_err"":1.5385298710425508,""Tend"":740.9499999999999}",PASS,metrics computed from 04_current_runs/runs/RUN_0001_FD_SURGE_SURGE_UL1005_FULL_0705102530/input/qg_r001_center_surge_9d3daf69.out
RUN_0001_FD_SURGE_SURGE_UL12_1005_FULL_0705205646,SURGE_UL12_1005_FULL_0705205646,FD_SURGE,curated,false,81.233333,82.763612,1.8489757,0.015076567,0.020242479,0.030248578,0.030248578,0.59001754,0.13034279,0.17546129,0.82453871,0.82453871,-23.215405,-19.142,-23.35351,-16.25,-0.05,,0.32766471,0.63369893,0.13034279,"{""Sway"":0.2489015869034002,""Heave"":0.15672441515496077,""Roll"":0.18951524636317846,""Pitch"":0.06223256604489145,""Yaw"":0.12811757058226744}","{""Sway"":0.15896017090110728,""Heave"":0.01968059507325694,""Roll"":0.03291602612100948,""Pitch"":0.10723769417504003,""Yaw"":0.03816688415976064}","{""J_wave"":0.03024857808842873,""J_shape"":0.5900175409793172,""env_err"":0.32766471022847815,""fp_err"":0.13034278694332171,""LERD"":0.003995852928715648,""LERM"":0.006528020645299744,""LER_err"":0.6336989278026277,""Tend"":740.9499999999999}",PASS,metrics computed from 04_current_runs/runs/RUN_0001_FD_SURGE_SURGE_UL12_1005_FULL_0705205646/input/qg_r001_center_surge_9d3daf69.out
RUN_0001_FD_SURGE_SURGE_UL12_1005_FIX_0705210753,SURGE_UL12_1005_FIX_0705210753,FD_SURGE,curated,false,74.681429,82.763612,9.7653831,0.013247744,0.020242479,0.030612072,0.030612072,0.60058244,0.1864411,0.20152158,0.79847842,0.79847842,-23.215405,-18.537,-23.35351,-16.25,-0.05,,0.31979423,2.3650833,0.1864411,"{""Sway"":0.17183803510598872,""Heave"":0.15881599467137775,""Roll"":0.19251269889191078,""Pitch"":0.06500550738299764,""Yaw"":0.14422755776193183}","{""Sway"":0.15896017090110728,""Heave"":0.01968059507325694,""Roll"":0.03291602612100948,""Pitch"":0.10723769417504003,""Yaw"":0.03816688415976064}","{""J_wave"":0.030612071943538616,""J_shape"":0.6005824378280922,""env_err"":0.31979422726617573,""fp_err"":0.18644109614419582,""LERD"":0.003995852928715648,""LERM"":0.013446378011088516,""LER_err"":2.3650833128661883,""Tend"":740.9499999999999}",PASS,metrics computed from 04_current_runs/runs/RUN_0001_FD_SURGE_SURGE_UL12_1005_FIX_0705210753/input/qg_r001_center_surge_9d3daf69.out
RUN_0001_FD_SURGE_SURGE_EA098_FULL_0705211940,SURGE_EA098_FULL_0705211940,FD_SURGE,curated,false,75.575,82.763612,8.6857161,0.011481671,0.020242479,0.030978778,0.030978778,0.58988717,0.14869604,0.16887084,0.83112916,0.83112916,-23.215405,-19.295,-23.35351,-16.25,-0.05,,0.33550595,0.52913371,0.14869604,"{""Sway"":0.17957172531322718,""Heave"":0.15845449749258406,""Roll"":0.19790757480519572,""Pitch"":0.06097065403943178,""Yaw"":0.176586791829702}","{""Sway"":0.15896017090110728,""Heave"":0.01968059507325694,""Roll"":0.03291602612100948,""Pitch"":0.10723769417504003,""Yaw"":0.03816688415976064}","{""J_wave"":0.03097877808287488,""J_shape"":0.5898871734234897,""env_err"":0.33550595191033594,""fp_err"":0.14869603804021705,""LERD"":0.003995852928715648,""LERM"":0.0018815124478352098,""LER_err"":0.5291337090226772,""Tend"":740.9499999999999}",PASS,metrics computed from 04_current_runs/runs/RUN_0001_FD_SURGE_SURGE_EA098_FULL_0705211940/input/qg_r001_center_surge_9d3daf69.out
RUN_0001_FD_SURGE_SURGE_EA102_FULL_0705220000,SURGE_EA102_FULL_0705220000,FD_SURGE,curated,false,77.302083,82.763612,6.5989496,0.0093030252,0.020242479,0.029776521,0.029776521,0.61488929,0.12366721,0.16762167,0.83237833,0.83237833,-23.215405,-19.324,-23.35351,-16.25,-0.05,,0.33248649,1.0385717,0.12366721,"{""Sway"":0.2265702989551546,""Heave"":0.15767874690184025,""Roll"":0.20016214942021804,""Pitch"":0.05688724820625069,""Yaw"":0.12462215158626541}","{""Sway"":0.15896017090110728,""Heave"":0.01968059507325694,""Roll"":0.03291602612100948,""Pitch"":0.10723769417504003,""Yaw"":0.03816688415976064}","{""J_wave"":0.029776521182273093,""J_shape"":0.6148892938751211,""env_err"":0.3324864941073448,""fp_err"":0.12366721334794754,""LERD"":0.003995852928715648,""LERM"":0.00814583287656007,""LER_err"":1.0385717447259284,""Tend"":740.9499999999999}",PASS,metrics computed from 04_current_runs/runs/RUN_0001_FD_SURGE_SURGE_EA102_FULL_0705220000/input/qg_r001_center_surge_9d3daf69.out
RUN_0001_FD_SURGE_SURGE_UL1001_FULL_0705222420,SURGE_UL1001_FULL_0705222420,FD_SURGE,curated,false,80.906667,82.763612,2.2436741,0.014420366,0.020242479,0.031640893,0.031640893,0.64585936,0.16124793,0.16559715,0.83440285,0.83440285,-23.215405,-19.371,-23.35351,-16.25,-0.05,,0.32565464,0.55728843,0.16124793,"{""Sway"":0.13550155972552053,""Heave"":0.15610758613142975,""Roll"":0.18563378819878879,""Pitch"":0.05672157122168946,""Yaw"":0.13099271391150802}","{""Sway"":0.15896017090110728,""Heave"":0.01968059507325694,""Roll"":0.03291602612100948,""Pitch"":0.10723769417504003,""Yaw"":0.03816688415976064}","{""J_wave"":0.031640893317544674,""J_shape"":0.6458593573120676,""env_err"":0.3256546371798892,""fp_err"":0.1612479273013007,""LERD"":0.003995852928715648,""LERM"":0.006222695538634612,""LER_err"":0.5572884311922658,""Tend"":740.9499999999999}",PASS,metrics computed from 04_current_runs/runs/RUN_0001_FD_SURGE_SURGE_UL1001_FULL_0705222420/input/qg_r001_center_surge_9d3daf69.out
RUN_0001_FD_SURGE_SURGE_UL1002_FULL_0705230510,SURGE_UL1002_FULL_0705230510,FD_SURGE,curated,false,79.588634,82.763612,3.8362014,0.0093981429,0.020242479,0.026855715,0.026855715,0.37543351,0.13655613,0.16236654,0.83763346,0.83763346,-23.215405,-19.446,-23.35351,-16.25,-0.05,,0.32982307,0.24499082,0.13655613,"{""Sway"":0.14674710062229043,""Heave"":0.1582854875008497,""Roll"":0.20423716339978706,""Pitch"":0.08695832176507713,""Yaw"":0.1377252181723546}","{""Sway"":0.15896017090110728,""Heave"":0.01968059507325694,""Roll"":0.03291602612100948,""Pitch"":0.10723769417504003,""Yaw"":0.03816688415976064}","{""J_wave"":0.026855715440197783,""J_shape"":0.3754335081036178,""env_err"":0.329823068193972,""fp_err"":0.1365561305706771,""LERD"":0.003995852928715648,""LERM"":0.004974800205314145,""LER_err"":0.24499081774592518,""Tend"":740.9499999999999}",PASS,metrics computed from 04_current_runs/runs/RUN_0001_FD_SURGE_SURGE_UL1002_FULL_0705230510/input/qg_r001_center_surge_9d3daf69.out
RUN_0001_FD_SURGE_SURGE_UL1002_CLN10K_0705232100,SURGE_UL1002_CLN10K_0705232100,FD_SURGE,curated,false,80.665909,82.763612,2.534572,0.010694511,0.020242479,0.039646423,0.039646423,0.87238754,0.13859538,0.1596959,0.8403041,0.8403041,-23.215405,-19.508,-23.35351,-16.25,-0.05,,0.32118564,0.29836587,0.13859538,"{""Sway"":0.2065923499019309,""Heave"":0.15346313564491634,""Roll"":0.18924724040793964,""Pitch"":0.06008880864449255,""Yaw"":0.14777720274665523}","{""Sway"":0.15896017090110728,""Heave"":0.01968059507325694,""Roll"":0.03291602612100948,""Pitch"":0.10723769417504003,""Yaw"":0.03816688415976064}","{""J_wave"":0.039646423320920866,""J_shape"":0.8723875431704864,""env_err"":0.3211856364343034,""fp_err"":0.1385953802904155,""LERD"":0.003995852928715648,""LERM"":0.0051880790557369775,""LER_err"":0.2983658678860676,""Tend"":740.9499999999999}",PASS,metrics computed from 04_current_runs/runs/RUN_0001_FD_SURGE_SURGE_UL1002_CLN10K_0705232100/input/qg_r001_center_surge_9d3daf69.out
RUN_0001_FD_SURGE_SURGE_UL1002_BL600K_0705234300,SURGE_UL1002_BL600K_0705234300,FD_SURGE,curated,false,80.925,82.763612,2.2215227,0.0083419375,0.020242479,0.036496161,0.036496161,0.63072162,0.16197713,0.16370186,0.83629814,0.83629814,-23.215405,-19.415,-23.35351,-16.25,-0.05,,0.39101091,0.27243342,0.16197713,"{""Sway"":0.18649389822058907,""Heave"":0.16448651555854849,""Roll"":0.20232523312078338,""Pitch"":0.05984761497390094,""Yaw"":0.16938616335101958}","{""Sway"":0.15896017090110728,""Heave"":0.01968059507325694,""Roll"":0.03291602612100948,""Pitch"":0.10723769417504003,""Yaw"":0.03816688415976064}","{""J_wave"":0.03649616139218824,""J_shape"":0.6307216190430778,""env_err"":0.391010912284754,""fp_err"":0.16197713213662202,""LERD"":0.003995852928715648,""LERM"":0.005084456793970406,""LER_err"":0.2724334165133196,""Tend"":740.9499999999999}",PASS,metrics computed from 04_current_runs/runs/RUN_0001_FD_SURGE_SURGE_UL1002_BL600K_0705234300/input/qg_r001_center_surge_9d3daf69.out
RUN_0001_FD_HEAVE_HEAVE_BQ2X_0705235850,HEAVE_BQ2X_0705235850,FD_HEAVE,curated,false,20.880357,20.719426,0.77671795,0.00040954586,0.0063011469,0.041211883,0.041211883,0.5991961,0.15750594,0.085232964,1.085233,1.085233,-8.2867,-8.993,-8.2962,-4.475,-0.05,,0.47117773,0.5611056,0.15750594,"{""Surge"":0.24927611206061237,""Sway"":0.5391799535354714,""Roll"":0.988259006031037,""Pitch"":0.5748394322911796,""Yaw"":0.4899826540424247}","{""Surge"":0.694133163574395,""Sway"":0.3830351608671329,""Roll"":0.23088104002761986,""Pitch"":0.08142292151490593,""Yaw"":0.09687871817782223}","{""J_wave"":0.041211882797707426,""J_shape"":0.5991960977007207,""env_err"":0.47117772916863976,""fp_err"":0.15750594324370362,""LERD"":0.002003839225521178,""LERM"":0.000879473815949168,""LER_err"":0.5611055993175171,""Tend"":481.07000000000005}",PASS,metrics computed from 04_current_runs/runs/RUN_0001_FD_HEAVE_HEAVE_BQ2X_0705235850/input/qg_r001_center_heave_adcda246.out
RUN_0001_FD_HEAVE_HEAVE_BQ05X_0705241450,HEAVE_BQ05X_0705241450,FD_HEAVE,curated,false,20.903641,20.719426,0.8890971,0.0027472685,0.0063011469,0.023280131,0.023280131,0.51871734,0.090311187,0.08559499,1.085595,1.085595,-8.2867,-8.996,-8.2962,-4.475,-0.05,,0.26585075,2.8641809,0.090311187,"{""Surge"":0.10980190537956507,""Sway"":0.35130666640717434,""Roll"":0.7089973359789092,""Pitch"":0.37150612253054666,""Yaw"":0.23884067440271356}","{""Surge"":0.694133163574395,""Sway"":0.3830351608671329,""Roll"":0.23088104002761986,""Pitch"":0.08142292151490593,""Yaw"":0.09687871817782223}","{""J_wave"":0.023280130647940066,""J_shape"":0.5187173405741603,""env_err"":0.26585075184826457,""fp_err"":0.09031118652813895,""LERD"":0.002003839225521178,""LERM"":0.007743197349368852,""LER_err"":2.8641809436357977,""Tend"":481.07000000000005}",PASS,metrics computed from 04_current_runs/runs/RUN_0001_FD_HEAVE_HEAVE_BQ05X_0705241450/input/qg_r001_center_heave_adcda246.out
RUN_0001_FD_SWAY_SWAY_CLN14K_0705243600,SWAY_CLN14K_0705243600,FD_SWAY,curated,false,85.933333,79.430459,8.1868779,0.01547129,0.023182848,0.049404372,0.049404372,1.1541833,0.035155548,0.027855909,0.97214409,0.97214409,-15.1099,-14.689,-15.02749,-12.09,-0.05,,0.31951543,1.4460574,0.035155548,"{""Surge"":0.4029563042392499,""Heave"":0.1886882533322907,""Roll"":0.24574381457269479,""Pitch"":0.12452959338922177,""Yaw"":0.4740668737100127}","{""Surge"":0.09911156186697814,""Heave"":0.018040555839837675,""Roll"":0.11940848210435888,""Pitch"":0.0384504331662194,""Yaw"":0.1166189583607766}","{""J_wave"":0.04940437168598229,""J_shape"":1.1541832503448093,""env_err"":0.3195154267003077,""fp_err"":0.03515554829024316,""LERD"":0.008732298675839493,""LERM"":0.02135970404329345,""LER_err"":1.4460574284284888,""Tend"":899.8}",PASS,metrics computed from 04_current_runs/runs/RUN_0001_FD_SWAY_SWAY_CLN14K_0705243600/input/qg_r001_center_sway_ac064de6.out
RUN_0001_FD_SURGE_SURGE_AF0_N250K_IC2124_FULL_0705,SURGE_AF0_N250K_IC2124_FULL_0705,FD_SURGE,curated,false,72.391667,82.763612,12.532012,0.0060566527,0.020242479,0.039256589,0.039256589,0.96810396,0.067928634,0.047709484,1.0477095,1.0477095,-23.215405,-24.323,-23.35351,-21.24,-0.05,,0.29764094,3.2777895,0.067928634,"{""Sway"":0.15900029172455118,""Heave"":0.12932562684238105,""Roll"":0.162639489705744,""Pitch"":0.07153414270863802,""Yaw"":0.16215087821742408}","{""Sway"":0.15896017090110728,""Heave"":0.01968059507325694,""Roll"":0.03291602612100948,""Pitch"":0.10723769417504003,""Yaw"":0.03816688415976064}","{""J_wave"":0.03925658886761001,""J_shape"":0.9681039593159877,""env_err"":0.2976409406925523,""fp_err"":0.06792863411165478,""LERD"":0.003995852928715648,""LERM"":0.017093417730850494,""LER_err"":3.2777895072190963,""Tend"":740.9499999999999}",PASS,metrics computed from 04_current_runs/runs/RUN_0001_FD_SURGE_SURGE_AF0_N250K_IC2124_FULL_0705/input/qg_r001_center_surge_9d3daf69.out
RUN_0001_FD_SURGE_SURGE_AF0_N50K_FULL_0705,SURGE_AF0_N50K_FULL_0705,FD_SURGE,curated,false,80.788889,82.763612,2.3859803,0.010813069,0.020242479,0.02970957,0.02970957,0.46287766,0.15313309,0.17627972,0.82372028,0.82372028,-23.215405,-19.123,-23.35351,-16.25,-0.05,,0.34606458,0.053737455,0.15313309,"{""Sway"":0.16014037515166438,""Heave"":0.163844935539137,""Roll"":0.20834067599868,""Pitch"":0.06850044269230485,""Yaw"":0.18912693661402402}","{""Sway"":0.15896017090110728,""Heave"":0.01968059507325694,""Roll"":0.03291602612100948,""Pitch"":0.10723769417504003,""Yaw"":0.03816688415976064}","{""J_wave"":0.029709569582926868,""J_shape"":0.462877661981127,""env_err"":0.3460645780295384,""fp_err"":0.15313309183329915,""LERD"":0.003995852928715648,""LERM"":0.00378112596193667,""LER_err"":0.05373745495883304,""Tend"":740.9499999999999}",PASS,metrics computed from 04_current_runs/runs/RUN_0001_FD_SURGE_SURGE_AF0_N50K_FULL_0705/input/qg_r001_center_surge_9d3daf69.out
RUN_0001_FD_SURGE_SURGE_AF0_N50K_CLN10K_FULL_0706,SURGE_AF0_N50K_CLN10K_FULL_0706,FD_SURGE,curated,false,90.607692,82.763612,9.4776916,0.0092502491,0.020242479,0.034999207,0.034999207,0.62707329,0.12304254,0.16477873,0.83522127,0.83522127,-23.215405,-19.39,-23.35351,-16.25,-0.05,,0.35578629,0.45907609,0.12304254,"{""Sway"":0.16071381623217404,""Heave"":0.1581615164970834,""Roll"":0.20369040919843523,""Pitch"":0.06327423614734987,""Yaw"":0.1680610098447871}","{""Sway"":0.15896017090110728,""Heave"":0.01968059507325694,""Roll"":0.03291602612100948,""Pitch"":0.10723769417504003,""Yaw"":0.03816688415976064}","{""J_wave"":0.03499920702457482,""J_shape"":0.6270732936475636,""env_err"":0.35578628606482177,""fp_err"":0.12304253812829778,""LERD"":0.003995852928715648,""LERM"":0.0021614523906226587,""LER_err"":0.459076089840625,""Tend"":740.9499999999999}",PASS,metrics computed from 04_current_runs/runs/RUN_0001_FD_SURGE_SURGE_AF0_N50K_CLN10K_FULL_0706/input/qg_r001_center_surge_9d3daf69.out
RUN_0001_FD_SURGE_SURGE_AF0_N50K_CL2800_FULL_0706,SURGE_AF0_N50K_CL2800_FULL_0706,FD_SURGE,curated,false,91.442125,82.763612,10.485903,0.0090387221,0.020242479,0.038482121,0.038482121,0.90761506,0.12676921,0.16732015,0.83267985,0.83267985,-23.215405,-19.331,-23.35351,-16.25,-0.05,,0.34937969,0.45762498,0.12676921,"{""Sway"":0.17333674238337682,""Heave"":0.16071937380167128,""Roll"":0.19768439932867968,""Pitch"":0.06715789089080365,""Yaw"":0.17668323505080205}","{""Sway"":0.15896017090110728,""Heave"":0.01968059507325694,""Roll"":0.03291602612100948,""Pitch"":0.10723769417504003,""Yaw"":0.03816688415976064}","{""J_wave"":0.038482120668486136,""J_shape"":0.9076150572802758,""env_err"":0.349379686811049,""fp_err"":0.12676921207728503,""LERD"":0.003995852928715648,""LERM"":0.005824455055653291,""LER_err"":0.4576249825904865,""Tend"":740.9499999999999}",PASS,metrics computed from 04_current_runs/runs/RUN_0001_FD_SURGE_SURGE_AF0_N50K_CL2800_FULL_0706/input/qg_r001_center_surge_9d3daf69.out
RUN_0001_FD_SURGE_SURGE_AF0_N50K_CL5500_FULL_0706,SURGE_AF0_N50K_CL5500_FULL_0706,FD_SURGE,curated,false,84.568874,82.763612,2.1812256,0.011779977,0.020242479,0.031831688,0.031831688,0.71857391,0.13274578,0.17416905,0.82583095,0.82583095,-23.215405,-19.172,-23.35351,-16.25,-0.05,,0.32776626,1.9633809,0.13274578,"{""Sway"":0.16653310290908566,""Heave"":0.15816695925159371,""Roll"":0.20313003708958668,""Pitch"":0.06571681103298169,""Yaw"":0.17763390871285786}","{""Sway"":0.15896017090110728,""Heave"":0.01968059507325694,""Roll"":0.03291602612100948,""Pitch"":0.10723769417504003,""Yaw"":0.03816688415976064}","{""J_wave"":0.03183168784513677,""J_shape"":0.7185739065017479,""env_err"":0.32776626403538617,""fp_err"":0.13274577962407172,""LERD"":0.003995852928715648,""LERM"":0.011841234445077911,""LER_err"":1.963380949279316,""Tend"":740.9499999999999}",PASS,metrics computed from 04_current_runs/runs/RUN_0001_FD_SURGE_SURGE_AF0_N50K_CL5500_FULL_0706/input/qg_r001_center_surge_9d3daf69.out
RUN_0001_FD_SURGE_SURGE_AF0_N50K_UL1005_FULL_0706,SURGE_AF0_N50K_UL1005_FULL_0706,FD_SURGE,curated,false,86.495842,82.763612,4.5095051,0.012813337,0.020242479,0.03683061,0.03683061,0.82557492,0.15768841,0.18933139,0.81066861,0.81066861,-23.215405,-18.82,-23.35351,-16.25,-0.05,,0.32731463,0.24892128,0.15768841,"{""Sway"":0.1860690664129674,""Heave"":0.15790684500612168,""Roll"":0.19995194760716556,""Pitch"":0.05964883410162728,""Yaw"":0.21382528215931607}","{""Sway"":0.15896017090110728,""Heave"":0.01968059507325694,""Roll"":0.03291602612100948,""Pitch"":0.10723769417504003,""Yaw"":0.03816688415976064}","{""J_wave"":0.036830610334975054,""J_shape"":0.8255749207458603,""env_err"":0.3273146326781752,""fp_err"":0.15768840802385392,""LERD"":0.003995852928715648,""LERM"":0.004990505769010776,""LER_err"":0.24892128365065494,""Tend"":740.9499999999999}",PASS,metrics computed from 04_current_runs/runs/RUN_0001_FD_SURGE_SURGE_AF0_N50K_UL1005_FULL_0706/input/qg_r001_center_surge_9d3daf69.out
RUN_0001_FD_SURGE_SURGE_AF0_N50K_UL10017_FULL_0706,SURGE_AF0_N50K_UL10017_FULL_0706,FD_SURGE,curated,false,69.445833,82.763612,16.091346,0.010006429,0.020242479,0.028056887,0.028056887,0.41371812,0.18672439,0.18243942,0.81756058,0.81756058,-23.215405,-18.98,-23.35351,-16.25,-0.05,,0.33002543,1.252531,0.18672439,"{""Sway"":0.19259680053291156,""Heave"":0.15995238259397693,""Roll"":0.20106766502272078,""Pitch"":0.06266600714702478,""Yaw"":0.1721184884285666}","{""Sway"":0.15896017090110728,""Heave"":0.01968059507325694,""Roll"":0.03291602612100948,""Pitch"":0.10723769417504003,""Yaw"":0.03816688415976064}","{""J_wave"":0.028056886900419877,""J_shape"":0.41371811807103415,""env_err"":0.33002542915326555,""fp_err"":0.1867243906237126,""LERD"":0.003995852928715648,""LERM"":0.009000782484383487,""LER_err"":1.2525309727243965,""Tend"":740.9499999999999}",PASS,metrics computed from 04_current_runs/runs/RUN_0001_FD_SURGE_SURGE_AF0_N50K_UL10017_FULL_0706/input/qg_r001_center_surge_9d3daf69.out
RUN_0001_FD_SWAY_SWAY_AF0_N50K_FULL_0706,SWAY_AF0_N50K_FULL_0706,FD_SWAY,curated,false,79.65,79.430459,0.27639438,0.015240943,0.023182848,0.035300829,0.035300829,0.70179154,0.019791868,0.033018087,0.96698191,0.96698191,-15.1099,-14.611,-15.02749,-12.09,-0.05,,0.31523751,0.32174896,0.019791868,"{""Surge"":0.2774881052892124,""Heave"":0.1915663555448934,""Roll"":0.2488624516962032,""Pitch"":0.1600621757448678,""Yaw"":0.4435898287832596}","{""Surge"":0.09911156186697814,""Heave"":0.018040555839837675,""Roll"":0.11940848210435888,""Pitch"":0.0384504331662194,""Yaw"":0.1166189583607766}","{""J_wave"":0.03530082859233747,""J_shape"":0.7017915418026163,""env_err"":0.3152375142291284,""fp_err"":0.01979186804710331,""LERD"":0.008732298675839493,""LERM"":0.005922690625431969,""LER_err"":0.32174896378443196,""Tend"":899.8}",PASS,metrics computed from 04_current_runs/runs/RUN_0001_FD_SWAY_SWAY_AF0_N50K_FULL_0706/input/qg_r001_center_sway_ac064de6.out
RUN_0001_FD_SWAY_SWAY_AF0_N15K_FULL_0706,SWAY_AF0_N15K_FULL_0706,FD_SWAY,curated,false,80.3,79.430459,1.0947203,0.013672603,0.023182848,0.038358002,0.038358002,0.7108893,0.015217017,0.030569362,0.96943064,0.96943064,-15.1099,-14.648,-15.02749,-12.09,-0.05,,0.31893159,1.6140273,0.015217017,"{""Surge"":0.3272910399335632,""Heave"":0.19123351037895994,""Roll"":0.2559566361558335,""Pitch"":0.14910276323594923,""Yaw"":0.4509199368962254}","{""Surge"":0.09911156186697814,""Heave"":0.018040555839837675,""Roll"":0.11940848210435888,""Pitch"":0.0384504331662194,""Yaw"":0.1166189583607766}","{""J_wave"":0.038358001797857776,""J_shape"":0.710889302103751,""env_err"":0.3189315875766131,""fp_err"":0.015217017236244284,""LERD"":0.008732298675839493,""LERM"":0.02282646691658164,""LER_err"":1.6140272755142773,""Tend"":899.8}",PASS,metrics computed from 04_current_runs/runs/RUN_0001_FD_SWAY_SWAY_AF0_N15K_FULL_0706/input/qg_r001_center_sway_ac064de6.out
RUN_0001_FD_HEAVE_HEAVE_AF0_N2M_REBASE_FULL_0706,HEAVE_AF0_N2M_REBASE_FULL_0706,FD_HEAVE,curated,false,20.916667,20.719426,0.95196182,0.00053907977,0.0063011469,0.02106169,0.02106169,0.24797506,0.10488757,0.070631252,1.0706313,1.0706313,-8.2867,-8.872,-8.2962,-4.475,-0.05,,0.32441698,0.52319537,0.10488757,"{""Surge"":0.1620477997189244,""Sway"":0.4435409268289489,""Roll"":0.9054812698897122,""Pitch"":0.5048322910675553,""Yaw"":0.3395377545911192}","{""Surge"":0.694133163574395,""Sway"":0.3830351608671329,""Roll"":0.23088104002761986,""Pitch"":0.08142292151490593,""Yaw"":0.09687871817782223}","{""J_wave"":0.02106168958980823,""J_shape"":0.24797505588192562,""env_err"":0.3244169784891508,""fp_err"":0.10488756757471711,""LERD"":0.002003839225521178,""LERM"":0.003052238640018891,""LER_err"":0.5231953747312412,""Tend"":481.07000000000005}",PASS,metrics computed from 04_current_runs/runs/RUN_0001_FD_HEAVE_HEAVE_AF0_N2M_REBASE_FULL_0706/input/qg_r001_center_heave_adcda246.out
RUN_0001_FD_SWAY_SWAY_AF0_N50K_BQ2X_FULL_0706,SWAY_AF0_N50K_BQ2X_FULL_0706,FD_SWAY,curated,false,77.8,79.430459,2.052687,0.0051794544,0.023182848,0.061366404,0.061366404,0.90221708,0.078210388,0.02639991,0.97360009,0.97360009,-15.1099,-14.711,-15.02749,-12.09,-0.05,,0.49274265,0.15928991,0.078210388,"{""Surge"":0.3634100034451601,""Heave"":0.22186559809165265,""Roll"":0.2952672163232567,""Pitch"":0.13459379600006405,""Yaw"":0.4635408850469089}","{""Surge"":0.09911156186697814,""Heave"":0.018040555839837675,""Roll"":0.11940848210435888,""Pitch"":0.0384504331662194,""Yaw"":0.1166189583607766}","{""J_wave"":0.06136640367495219,""J_shape"":0.9022170810525917,""env_err"":0.4927426547802954,""fp_err"":0.07821038766549199,""LERD"":0.008732298675839493,""LERM"":0.00734133161523191,""LER_err"":0.15928990890521277,""Tend"":899.8}",PASS,metrics computed from 04_current_runs/runs/RUN_0001_FD_SWAY_SWAY_AF0_N50K_BQ2X_FULL_0706/input/qg_r001_center_sway_ac064de6.out
RUN_0001_FD_SWAY_SWAY_AF0_N50K_BQ125X_FULL_0706,SWAY_AF0_N50K_BQ125X_FULL_0706,FD_SWAY,curated,false,77.996104,79.430459,1.8057994,0.01287671,0.023182848,0.049747901,0.049747901,1.0204003,0.0046925234,0.033216633,0.96678337,0.96678337,-15.1099,-14.608,-15.02749,-12.09,-0.05,,0.31948451,0.22992407,0.0046925234,"{""Surge"":0.31340175122715747,""Heave"":0.1945795125481753,""Roll"":0.24838342710319122,""Pitch"":0.1426553074042083,""Yaw"":0.4063108010028968}","{""Surge"":0.09911156186697814,""Heave"":0.018040555839837675,""Roll"":0.11940848210435888,""Pitch"":0.0384504331662194,""Yaw"":0.1166189583607766}","{""J_wave"":0.04974790136643381,""J_shape"":1.0204003286792995,""env_err"":0.31948450987388255,""fp_err"":0.0046925233735133146,""LERD"":0.008732298675839493,""LERM"":0.006724533021533797,""LER_err"":0.22992407026351244,""Tend"":899.8}",PASS,metrics computed from 04_current_runs/runs/RUN_0001_FD_SWAY_SWAY_AF0_N50K_BQ125X_FULL_0706/input/qg_r001_center_sway_ac064de6.out
RUN_0001_FD_SWAY_SWAY_AF0_N50K_BQ110X_FULL_0706,SWAY_AF0_N50K_BQ110X_FULL_0706,FD_SWAY,curated,false,85.138811,79.430459,7.186604,0.020923073,0.023182848,0.059772223,0.059772223,1.4374869,0.00037011063,0.037915539,0.96208446,0.96208446,-15.1099,-14.537,-15.02749,-12.09,-0.05,,0.30332527,0.44770158,0.00037011063,"{""Surge"":0.2870300035873901,""Heave"":0.19112718322309286,""Roll"":0.24694521758812685,""Pitch"":0.1570717636239681,""Yaw"":0.4547110938464719}","{""Surge"":0.09911156186697814,""Heave"":0.018040555839837675,""Roll"":0.11940848210435888,""Pitch"":0.0384504331662194,""Yaw"":0.1166189583607766}","{""J_wave"":0.05977222346518657,""J_shape"":1.4374869259090435,""env_err"":0.303325271077559,""fp_err"":0.00037011063043285527,""LERD"":0.008732298675839493,""LERM"":0.004822834759600047,""LER_err"":0.447701580232951,""Tend"":899.8}",PASS,metrics computed from 04_current_runs/runs/RUN_0001_FD_SWAY_SWAY_AF0_N50K_BQ110X_FULL_0706/input/qg_r001_center_sway_ac064de6.out
RUN_0001_FD_SWAY_SWAY_AF0_N50K_IC1260_FULL_0706,SWAY_AF0_N50K_IC1260_FULL_0706,FD_SWAY,curated,false,83.437949,79.430459,5.0452819,0.013387839,0.023182848,0.044874358,0.044874358,0.875661,0.055824307,0.015757881,1.0157579,1.0157579,-15.1099,-15.348,-15.02749,-12.6,-0.05,,0.31345207,0.77744657,0.055824307,"{""Surge"":0.3510109425144414,""Heave"":0.18564553676821768,""Roll"":0.2446864568560191,""Pitch"":0.13255357528669276,""Yaw"":0.403923273488236}","{""Surge"":0.09911156186697814,""Heave"":0.018040555839837675,""Roll"":0.11940848210435888,""Pitch"":0.0384504331662194,""Yaw"":0.1166189583607766}","{""J_wave"":0.04487435800172844,""J_shape"":0.8756609977376842,""env_err"":0.31345206723754,""fp_err"":0.0558243074907819,""LERD"":0.008732298675839493,""LERM"":0.001943402979001537,""LER_err"":0.7774465749346686,""Tend"":899.8}",PASS,metrics computed from 04_current_runs/runs/RUN_0001_FD_SWAY_SWAY_AF0_N50K_IC1260_FULL_0706/input/qg_r001_center_sway_ac064de6.out
RUN_0001_FD_HEAVE_HEAVE_AF0_N16M_FULL_0706,HEAVE_AF0_N16M_FULL_0706,FD_HEAVE,curated,false,20.9,20.719426,0.87152201,0.00051554423,0.0063011469,0.021029454,0.021029454,0.24742539,0.11745537,0.082336756,1.0823368,1.0823368,-8.2867,-8.969,-8.2962,-4.475,-0.05,,0.32277267,0.48788264,0.11745537,"{""Surge"":0.16195555880794266,""Sway"":0.44183083360049935,""Roll"":0.8978149870560611,""Pitch"":0.4980759498970758,""Yaw"":0.34296704647400406}","{""Surge"":0.694133163574395,""Sway"":0.3830351608671329,""Roll"":0.23088104002761986,""Pitch"":0.08142292151490593,""Yaw"":0.09687871817782223}","{""J_wave"":0.021029453978864406,""J_shape"":0.24742538653258084,""env_err"":0.3227726659777978,""fp_err"":0.11745537319807825,""LERD"":0.002003839225521178,""LERM"":0.002981477601386093,""LER_err"":0.48788264218684574,""Tend"":481.07000000000005}",PASS,metrics computed from 04_current_runs/runs/RUN_0001_FD_HEAVE_HEAVE_AF0_N16M_FULL_0706/input/qg_r001_center_heave_adcda246.out
RUN_0001_FD_SURGE_SURGE_AF0_N50K_UL1002_FULL_0706,SURGE_AF0_N50K_UL1002_FULL_0706,FD_SURGE,curated,false,70.742857,82.763612,14.524203,0.010891887,0.020242479,0.038057262,0.038057262,0.97590213,0.16628699,0.18937447,0.81062553,0.81062553,-23.215405,-18.819,-23.35351,-16.25,-0.05,,0.34911821,2.3700298,0.16628699,"{""Sway"":0.21778473071068624,""Heave"":0.15806489025041615,""Roll"":0.19162288298292596,""Pitch"":0.059647665833702394,""Yaw"":0.19991379847613402}","{""Sway"":0.15896017090110728,""Heave"":0.01968059507325694,""Roll"":0.03291602612100948,""Pitch"":0.10723769417504003,""Yaw"":0.03816688415976064}","{""J_wave"":0.038057261947592035,""J_shape"":0.9759021280340808,""env_err"":0.3491182083486222,""fp_err"":0.16628699068956093,""LERD"":0.003995852928715648,""LERM"":0.013466143391635595,""LER_err"":2.370029786347492,""Tend"":740.9499999999999}",PASS,metrics computed from 04_current_runs/runs/RUN_0001_FD_SURGE_SURGE_AF0_N50K_UL1002_FULL_0706/input/qg_r001_center_surge_9d3daf69.out
RUN_0001_FD_SWAY_SWAY_AF0_N50K_BQ103X_FULL_0706,SWAY_AF0_N50K_BQ103X_FULL_0706,FD_SWAY,curated,false,84.775,79.430459,6.7285792,0.014872627,0.023182848,0.043376697,0.043376697,0.97090984,0.0017567683,0.044599898,0.9554001,0.9554001,-15.1099,-14.436,-15.02749,-12.09,-0.05,,0.3082849,0.667437,0.0017567683,"{""Surge"":0.29586218877562703,""Heave"":0.19434228990855454,""Roll"":0.25050652373500015,""Pitch"":0.15254679766699913,""Yaw"":0.48918523200452824}","{""Surge"":0.09911156186697814,""Heave"":0.018040555839837675,""Roll"":0.11940848210435888,""Pitch"":0.0384504331662194,""Yaw"":0.1166189583607766}","{""J_wave"":0.0433766969712754,""J_shape"":0.9709098357729294,""env_err"":0.3082849001009021,""fp_err"":0.001756768321688813,""LERD"":0.008732298675839493,""LERM"":0.0029040394700145453,""LER_err"":0.667436997081944,""Tend"":899.8}",PASS,metrics computed from 04_current_runs/runs/RUN_0001_FD_SWAY_SWAY_AF0_N50K_BQ103X_FULL_0706/input/qg_r001_center_sway_ac064de6.out
RUN_0001_FD_SURGE_SURGE_IC2032_FULL_0706,SURGE_IC2032_FULL_0706,FD_SURGE,curated,false,83.6,82.763612,1.0105741,0.0090767853,0.020242479,0.038302618,0.038302618,0.85087946,0.10042343,0.072046772,1.0720468,1.0720468,-23.215405,-24.888,-23.35351,-20.32,-0.05,,0.28400086,1.2215653,0.10042343,"{""Sway"":0.14437309023482717,""Heave"":0.1273705554853556,""Roll"":0.15347556724388461,""Pitch"":0.0718906208080803,""Yaw"":0.1552617561262449}","{""Sway"":0.15896017090110728,""Heave"":0.01968059507325694,""Roll"":0.03291602612100948,""Pitch"":0.10723769417504003,""Yaw"":0.03816688415976064}","{""J_wave"":0.038302618098997654,""J_shape"":0.8508794554446426,""env_err"":0.28400085534281844,""fp_err"":0.1004234329795747,""LERD"":0.003995852928715648,""LERM"":0.00887704802557831,""LER_err"":1.2215652537621253,""Tend"":740.9499999999999}",PASS,metrics computed from 04_current_runs/runs/RUN_0001_FD_SURGE_SURGE_IC2032_FULL_0706/input/qg_r001_center_surge_9d3daf69.out
RUN_0001_FD_SURGE_SURGE_IC2032_AF0_N50K_FULL_0706,SURGE_IC2032_AF0_N50K_FULL_0706,FD_SURGE,curated,false,87.7,82.763612,5.9644419,0.013321562,0.020242479,0.040337394,0.040337394,1.0167893,0.074616491,0.056152154,1.0561522,1.0561522,-23.215405,-24.519,-23.35351,-20.32,-0.05,,0.25009606,2.7209695,0.074616491,"{""Sway"":0.15204870324556127,""Heave"":0.12441433018901155,""Roll"":0.1475302502141206,""Pitch"":0.06548028138660905,""Yaw"":0.09898068038646762}","{""Sway"":0.15896017090110728,""Heave"":0.01968059507325694,""Roll"":0.03291602612100948,""Pitch"":0.10723769417504003,""Yaw"":0.03816688415976064}","{""J_wave"":0.040337393976317186,""J_shape"":1.0167892870178088,""env_err"":0.25009606087543756,""fp_err"":0.07461649109162927,""LERD"":0.003995852928715648,""LERM"":0.014868446859122947,""LER_err"":2.7209694962176654,""Tend"":740.9499999999999}",PASS,metrics computed from 04_current_runs/runs/RUN_0001_FD_SURGE_SURGE_IC2032_AF0_N50K_FULL_0706/input/qg_r001_center_surge_9d3daf69.out
RUN_0001_FD_SURGE_SURGE_AF0_N650K_T450_0706,SURGE_AF0_N650K_T450_0706,FD_SURGE,curated,false,82.044208,82.763612,0.86922843,0.043452308,0.020242479,0.046733544,0.046733544,0.46422248,0.28363774,0.3052415,0.6947585,0.6947585,-23.215405,-16.1291,-23.35351,-16.25,-0.05,,0.36690926,0.01929211,0.28363774,"{""Sway"":0.21724342850744408,""Heave"":0.18656549884818557,""Roll"":0.23173424148540778,""Pitch"":0.05348754589383596,""Yaw"":0.14780343908323454}","{""Sway"":0.15896017090110728,""Heave"":0.01968059507325694,""Roll"":0.03291602612100948,""Pitch"":0.10723769417504003,""Yaw"":0.03816688415976064}","{""J_wave"":0.04673354358177981,""J_shape"":0.46422247664008365,""env_err"":0.3669092637056952,""fp_err"":0.28363773978652096,""LERD"":0.011008942023144607,""LERM"":0.010796556306753908,""LER_err"":0.019292109627263992,""Tend"":449.8}",PASS,metrics computed from 04_current_runs/runs/RUN_0001_FD_SURGE_SURGE_AF0_N650K_T450_0706/input/qg_r001_center_surge_9d3daf69.out
RUN_0001_FD_SURGE_SURGE_AF0_N650K_IC232_T450_0706,SURGE_AF0_N650K_IC232_T450_0706,FD_SURGE,curated,false,79.663839,82.763612,3.7453333,0.030828571,0.020242479,0.046866501,0.046866501,0.692551,,,,,,,,,,,,,,,,,,
RUN_0001_FD_SURGE_SURGE_AF0_N190K_IC178_M105B_BQ075_T600_0706,SURGE_AF0_N190K_IC178_M105B_BQ075_T600_0706,FD_SURGE,curated,false,80.154828,82.763612,3.1520915,0.025039143,0.020242479,0.026061005,0.026061005,0.61280654,0.10218021,0.093748311,0.90625169,0.90625169,-23.215405,-21.039,-23.35351,-17.8,-0.05,,0.27380279,0.47890678,0.10218021,"{""Sway"":0.08767409242563472,""Heave"":0.10337908021409484,""Roll"":0.16478617897880818,""Pitch"":0.05418888586671929,""Yaw"":0.10153963525140292}","{""Sway"":0.15896017090110728,""Heave"":0.01968059507325694,""Roll"":0.03291602612100948,""Pitch"":0.10723769417504003,""Yaw"":0.03816688415976064}","{""J_wave"":0.026061005123544034,""J_shape"":0.6128065360946109,""env_err"":0.2738027861747512,""fp_err"":0.10218020746889417,""LERD"":0.005620400769700252,""LERM"":0.008312048815395807,""LER_err"":0.4789067819160353,""Tend"":599.8}",PASS,metrics computed from 04_current_runs/runs/RUN_0001_FD_SURGE_SURGE_AF0_N190K_IC178_M105B_BQ075_T600_0706/input/qg_r001_center_surge_9d3daf69.out
22.86,-23.35351,-21.5,-0.05,,0.27588418,0.13371528,0.031579588,"{""Sway"":0.10861647327806132,""Heave"":0.13500961476542167,""Roll"":0.15754272142422113,""Pitch"":0.09070822174049151,""Yaw"":0.10952746943402358}","{""Sway"":0.15896017090110728,""Heave"":0.01968059507325694,""Roll"":0.03291602612100948,""Pitch"":0.10723769417504003,""Yaw"":0.03816688415976064}","{""J_wave"":0.04029257695177646,""J_shape"":0.5214021558172386,""env_err"":0.27588418252977,""fp_err"":0.031579588015172896,""LERD"":0.011008942023144607,""LERM"":0.009536878229147493,""LER_err"":0.1337152826222834,""Tend"":449.8}",PASS,metrics computed from 04_current_runs/runs/RUN_0001_FD_SURGE_SURGE_AF0_N650K_IC215_T450_0706/input/qg_r001_center_surge_9d3daf69.out,,,,,,,,,,,,,,,,,,
RUN_0001_FD_SURGE_SURGE_AF0_N550K_IC215_T450_0706,SURGE_AF0_N550K_IC215_T450_0706,FD_SURGE,curated,false,86.8165,82.763612,4.8969438,0.039650253,0.020242479,0.039879346,0.039879346,0.61661025,0.029820648,0.00053434347,0.99946566,0.99946566,-23.215405,-23.203,-23.35351,-21.5,-0.05,,0.29946785,0.23155765,0.029820648,"{""Sway"":0.12179588053541167,""Heave"":0.1349164943764319,""Roll"":0.16072907677215462,""Pitch"":0.05918769234784971,""Yaw"":0.10389424854039386}","{""Sway"":0.15896017090110728,""Heave"":0.01968059507325694,""Roll"":0.03291602612100948,""Pitch"":0.10723769417504003,""Yaw"":0.03816688415976064}","{""J_wave"":0.039879346380944945,""J_shape"":0.6166102459480926,""env_err"":0.2994678463357449,""fp_err"":0.0298206483306755,""LERD"":0.011008942023144607,""LERM"":0.00845973724917495,""LER_err"":0.23155765273450854,""Tend"":449.8}",PASS,metrics computed from 04_current_runs/runs/RUN_0001_FD_SURGE_SURGE_AF0_N550K_IC215_T450_0706/input/qg_r001_center_surge_9d3daf69.out
RUN_0001_FD_SURGE_SURGE_AF0_N650K_IC195_T450_0706,SURGE_AF0_N650K_IC195_T450_0706,FD_SURGE,curated,false,81.501786,82.763612,1.5246153,0.036924826,0.020242479,0.036584512,0.036584512,0.57638703,0.069804604,0.10912603,0.89087397,0.89087397,-23.215405,-20.682,-23.35351,-19.5,-0.05,,0.31227694,0.56457903,0.069804604,"{""Sway"":0.1653006347104562,""Heave"":0.15395398280749514,""Roll"":0.18271221135755372,""Pitch"":0.07479679748363935,""Yaw"":0.09071703352924193}","{""Sway"":0.15896017090110728,""Heave"":0.01968059507325694,""Roll"":0.03291602612100948,""Pitch"":0.10723769417504003,""Yaw"":0.03816688415976064}","{""J_wave"":0.03658451225211984,""J_shape"":0.576387030987479,""env_err"":0.3122769444505716,""fp_err"":0.06980460375425392,""LERD"":0.011008942023144607,""LERM"":0.004793524249123432,""LER_err"":0.564579026845106,""Tend"":449.8}",PASS,metrics computed from 04_current_runs/runs/RUN_0001_FD_SURGE_SURGE_AF0_N650K_IC195_T450_0706/input/qg_r001_center_surge_9d3daf69.out
RUN_0001_FD_SURGE_SURGE_AF0_N650K_IC205_T450_0706,SURGE_AF0_N650K_IC205_T450_0706,FD_SURGE,curated,false,82.807143,82.763612,0.052596127,0.025349225,0.020242479,0.045101455,0.045101455,0.78959247,0.016974962,0.063294394,0.93670561,0.93670561,-23.215405,-21.746,-23.35351,-20.5,-0.05,,0.31571211,0.05004507,0.016974962,"{""Sway"":0.09430034242465551,""Heave"":0.1427165463161759,""Roll"":0.171550632983596,""Pitch"":0.06359713927362733,""Yaw"":0.15607528917519778}","{""Sway"":0.15896017090110728,""Heave"":0.01968059507325694,""Roll"":0.03291602612100948,""Pitch"":0.10723769417504003,""Yaw"":0.03816688415976064}","{""J_wave"":0.045101455127108774,""J_shape"":0.7895924739385247,""env_err"":0.31571211466237264,""fp_err"":0.016974961515794244,""LERD"":0.011008942023144607,""LERM"":0.010457998748365824,""LER_err"":0.05004507005491622,""Tend"":449.8}",PASS,metrics computed from 04_current_runs/runs/RUN_0001_FD_SURGE_SURGE_AF0_N650K_IC205_T450_0706/input/qg_r001_center_surge_9d3daf69.out
RUN_0001_FD_SURGE_SURGE_AF0_N650K_IC205_FULL_0706,SURGE_AF0_N650K_IC205_FULL_0706,FD_SURGE,curated,false,75.979167,82.763612,8.1973775,0.015973862,0.020242479,0.039977941,0.039977941,1.0002725,0.062341303,0.080412338,0.91958766,0.91958766,-23.215405,-21.3486,-23.35351,-20.5,-0.05,,0.31447551,1.0829803,0.062341303,"{""Sway"":0.1798421001887065,""Heave"":0.14197506601396073,""Roll"":0.17174537675843923,""Pitch"":0.07210877278492704,""Yaw"":0.21549723853341834}","{""Sway"":0.15896017090110728,""Heave"":0.01968059507325694,""Roll"":0.03291602612100948,""Pitch"":0.10723769417504003,""Yaw"":0.03816688415976064}","{""J_wave"":0.03997794137453589,""J_shape"":1.0002724906102387,""env_err"":0.3144755089079153,""fp_err"":0.06234130327345168,""LERD"":0.003995852928715648,""LERM"":0.00832328288636798,""LER_err"":1.0829802885271005,""Tend"":740.9499999999999}",PASS,metrics computed from 04_current_runs/runs/RUN_0001_FD_SURGE_SURGE_AF0_N650K_IC205_FULL_0706/input/qg_r001_center_surge_9d3daf69.out
RUN_0001_FD_SWAY_SWAY_AF0_N750K_T450_0706,SWAY_AF0_N750K_T450_0706,FD_SWAY,curated,false,83.996833,79.430459,5.7488953,0.054343877,0.023182848,0.064450597,0.064450597,0.68077522,0.21071422,0.27961138,0.72038862,0.72038862,-15.1099,-10.885,-15.02749,-12.09,-0.05,,0.36130308,0.2350339,0.21071422,"{""Surge"":0.20432264790301272,""Heave"":0.24232897067737236,""Roll"":0.30871519199287584,""Pitch"":0.1653962053366525,""Yaw"":0.4392154664843774}","{""Surge"":0.09911156186697814,""Heave"":0.018040555839837675,""Roll"":0.11940848210435888,""Pitch"":0.0384504331662194,""Yaw"":0.1166189583607766}","{""J_wave"":0.06445059654818552,""J_shape"":0.6807752240389122,""env_err"":0.3613030829201664,""fp_err"":0.21071421855805078,""LERD"":0.030287190696518605,""LERM"":0.023168674200326995,""LER_err"":0.23503389824167006,""Tend"":449.8}",PASS,metrics computed from 04_current_runs/runs/RUN_0001_FD_SWAY_SWAY_AF0_N750K_T450_0706/input/qg_r001_center_sway_ac064de6.out
RUN_0001_FD_SWAY_SWAY_AF0_N450K_T450_0706,SWAY_AF0_N450K_T450_0706,FD_SWAY,curated,false,82.640517,79.430459,4.0413441,0.060850107,0.023182848,0.058313638,0.058313638,0.77313685,0.12471941,0.18904162,0.81095838,0.81095838,-15.1099,-12.2535,-15.02749,-12.09,-0.05,,0.3134113,0.68675176,0.12471941,"{""Surge"":0.2451404743635101,""Heave"":0.2203887563896732,""Roll"":0.28274632434453995,""Pitch"":0.1533796972860163,""Yaw"":0.46955793534280266}","{""Surge"":0.09911156186697814,""Heave"":0.018040555839837675,""Roll"":0.11940848210435888,""Pitch"":0.0384504331662194,""Yaw"":0.1166189583607766}","{""J_wave"":0.058313637935210924,""J_shape"":0.773136849235231,""env_err"":0.3134112970491914,""fp_err"":0.12471941262729315,""LERD"":0.030287190696518605,""LERM"":0.009487409191652441,""LER_err"":0.6867517596228236,""Tend"":449.8}",PASS,metrics computed from 04_current_runs/runs/RUN_0001_FD_SWAY_SWAY_AF0_N450K_T450_0706/input/qg_r001_center_sway_ac064de6.out
RUN_0001_FD_HEAVE_HEAVE_AF0_N40M_T450_0706,HEAVE_AF0_N40M_T450_0706,FD_HEAVE,curated,false,20.9125,20.719426,0.93185187,0.0092738733,0.0063011469,0.081533616,0.081533616,1.4190947,0.95334227,0.95655689,0.043443108,-0.043443108,-8.2867,0.36,-8.2962,-4.475,-0.05,,0.91729491,63.108322,0.95334227,"{""Surge"":0.6492412453895648,""Sway"":2.490919182110179,""Roll"":6.5469560825290545,""Pitch"":3.99864724367464,""Yaw"":2.058342342920128}","{""Surge"":0.694133163574395,""Sway"":0.3830351608671329,""Roll"":0.23088104002761986,""Pitch"":0.08142292151490593,""Yaw"":0.09687871817782223}","{""J_wave"":0.08153361638310512,""J_shape"":1.4190947093060775,""env_err"":0.9172949109860652,""fp_err"":0.9533422746547434,""LERD"":0.0022622703924401483,""LERM"":0.1450303595305844,""LER_err"":63.10832233637226,""Tend"":449.8}",PASS,metrics computed from 04_current_runs/runs/RUN_0001_FD_HEAVE_HEAVE_AF0_N40M_T450_0706/input/qg_r001_center_heave_adcda246.out
RUN_0001_FD_HEAVE_HEAVE_AF0_N20M_T450_0706,HEAVE_AF0_N20M_T450_0706,FD_HEAVE,curated,false,20.920128,20.719426,0.96866906,0.01344412,0.0063011469,0.039044264,0.039044264,0.36141934,0.44555297,0.45642415,0.54357585,0.54357585,-8.2867,-4.50445,-8.2962,-4.475,-0.05,,0.49491469,2.6149635,0.44555297,"{""Surge"":0.14936107532036727,""Sway"":0.6360155233738528,""Roll"":1.434690752046527,""Pitch"":0.7969459548709509,""Yaw"":0.43868775463961296}","{""Surge"":0.694133163574395,""Sway"":0.3830351608671329,""Roll"":0.23088104002761986,""Pitch"":0.08142292151490593,""Yaw"":0.09687871817782223}","{""J_wave"":0.03904426409980381,""J_shape"":0.3614193448622672,""env_err"":0.4949146900872947,""fp_err"":0.44555296882124235,""LERD"":0.0022622703924401483,""LERM"":0.008178024790854893,""LER_err"":2.6149634536099136,""Tend"":449.8}",PASS,metrics computed from 04_current_runs/runs/RUN_0001_FD_HEAVE_HEAVE_AF0_N20M_T450_0706/input/qg_r001_center_heave_adcda246.out
RUN_0001_FD_HEAVE_HEAVE_AF0_N20M_IC83_T450_0706,HEAVE_AF0_N20M_IC83_T450_0706,FD_HEAVE,curated,false,20.906336,20.719426,0.90210379,0.0039210453,0.0063011469,0.022364082,0.022364082,0.24572675,0.040308758,0.0039846984,1.0039847,1.0039847,-8.2867,-8.31972,-8.2962,-8.3,-0.05,,0.35539447,0.39280261,0.040308758,"{""Surge"":0.4333428391592916,""Sway"":0.41960086573318506,""Roll"":0.9401660747611353,""Pitch"":0.6196549817548677,""Yaw"":0.3830044591298304}","{""Surge"":0.694133163574395,""Sway"":0.3830351608671329,""Roll"":0.23088104002761986,""Pitch"":0.08142292151490593,""Yaw"":0.09687871817782223}","{""J_wave"":0.022364081657249228,""J_shape"":0.2457267524298789,""env_err"":0.3553944723527344,""fp_err"":0.04030875820641952,""LERD"":0.0022622703924401483,""LERM"":0.003150896108095879,""LER_err"":0.3928026104329792,""Tend"":449.8}",PASS,metrics computed from 04_current_runs/runs/RUN_0001_FD_HEAVE_HEAVE_AF0_N20M_IC83_T450_0706/input/qg_r001_center_heave_adcda246.out
RUN_0001_FD_HEAVE_HEAVE_AF0_N20M_IC83_FULL_0706,HEAVE_AF0_N20M_IC83_FULL_0706,FD_HEAVE,curated,false,20.887272,20.719426,0.81009091,0.00051722637,0.0063011469,0.021663871,0.021663871,0.25167808,0.032527569,0.0041162344,1.0041162,1.0041162,-8.2867,-8.32081,-8.2962,-8.3,-0.05,,0.33735114,0.44004311,0.032527569,"{""Surge"":0.6117669166130905,""Sway"":0.4565094449005594,""Roll"":0.9481096636152837,""Pitch"":0.7102542782215163,""Yaw"":0.5045544266157547}","{""Surge"":0.694133163574395,""Sway"":0.3830351608671329,""Roll"":0.23088104002761986,""Pitch"":0.08142292151490593,""Yaw"":0.09687871817782223}","{""J_wave"":0.021663870886393117,""J_shape"":0.2516780822262238,""env_err"":0.337351140395838,""fp_err"":0.032527568768989726,""LERD"":0.002003839225521178,""LERM"":0.002885614867794202,""LER_err"":0.4400431087697083,""Tend"":481.07000000000005}",PASS,metrics computed from 04_current_runs/runs/RUN_0001_FD_HEAVE_HEAVE_AF0_N20M_IC83_FULL_0706/input/qg_r001_center_heave_adcda246.out
RUN_0001_FD_HEAVE_HEAVE_AF0_N20M_IC83_BL100_T450_0706,HEAVE_AF0_N20M_IC83_BL100_T450_0706,FD_HEAVE,curated,false,20.859255,20.719426,0.67486861,0.0038636955,0.0063011469,0.022847412,0.022847412,0.26984955,0.040447319,0.0039545295,1.0039545,1.0039545,-8.2867,-8.31947,-8.2962,-8.3,-0.05,,0.36130004,0.097998106,0.040447319,"{""Surge"":0.5344131632665724,""Sway"":0.4785238426151543,""Roll"":0.9460868398324785,""Pitch"":0.5256228653944799,""Yaw"":0.40729697456537506}","{""Surge"":0.694133163574395,""Sway"":0.3830351608671329,""Roll"":0.23088104002761986,""Pitch"":0.08142292151490593,""Yaw"":0.09687871817782223}","{""J_wave"":0.022847411950478572,""J_shape"":0.2698495499466687,""env_err"":0.3613000383225525,""fp_err"":0.0404473194566928,""LERD"":0.0022622703924401483,""LERM"":0.0024839686052918826,""LER_err"":0.09799810561663425,""Tend"":449.8}",PASS,metrics computed from 04_current_runs/runs/RUN_0001_FD_HEAVE_HEAVE_AF0_N20M_IC83_BL100_T450_0706/input/qg_r001_center_heave_adcda246.out
RUN_0001_FD_HEAVE_HEAVE_AF0_N20M_IC83_BL100_FULL_0706,HEAVE_AF0_N20M_IC83_BL100_FULL_0706,FD_HEAVE,curated,false,20.929264,20.719426,1.0127638,0.00070278852,0.0063011469,0.022118339,0.022118339,0.27320519,0.0358221,0.0039605633,1.0039606,1.0039606,-8.2867,-8.31952,-8.2962,-8.3,-0.05,,0.34456782,0.10006169,0.0358221,"{""Surge"":0.7654104407887906,""Sway"":0.5119677445583651,""Roll"":0.9559365970622054,""Pitch"":0.5791721290573939,""Yaw"":0.5179203164024845}","{""Surge"":0.694133163574395,""Sway"":0.3830351608671329,""Roll"":0.23088104002761986,""Pitch"":0.08142292151490593,""Yaw"":0.09687871817782223}","{""J_wave"":0.022118338549924548,""J_shape"":0.27320518781301867,""env_err"":0.34456782262542096,""fp_err"":0.035822099521845834,""LERD"":0.002003839225521178,""LERM"":0.0022043467586099533,""LER_err"":0.1000616868534577,""Tend"":481.07000000000005}",PASS,metrics computed from 04_current_runs/runs/RUN_0001_FD_HEAVE_HEAVE_AF0_N20M_IC83_BL100_FULL_0706/input/qg_r001_center_heave_adcda246.out
RUN_0003_FD_HEAVE_HEAVE_AF0_N20M_IC83_BL100_BQ05_T450_0706,HEAVE_AF0_N20M_IC83_BL100_BQ05_T450_0706,FD_HEAVE,curated,false,20.919864,20.719426,0.96739296,0.01317828,0.0063011469,0.023224442,0.023224442,0.44391124,0.020998834,0.0045868681,1.0045869,1.0045869,-8.2867,-8.32471,-8.2962,-8.3,-0.05,,0.25752071,1.7007602,0.020998834,"{""Surge"":0.2100612614493374,""Sway"":0.3668326802497456,""Roll"":0.7506621579033985,""Pitch"":0.37280609445647855,""Yaw"":0.19211042825662383}","{""Surge"":0.694133163574395,""Sway"":0.3830351608671329,""Roll"":0.23088104002761986,""Pitch"":0.08142292151490593,""Yaw"":0.09687871817782223}","{""J_wave"":0.023224441787527646,""J_shape"":0.4439112359663248,""env_err"":0.25752070633212526,""fp_err"":0.020998833900415115,""LERD"":0.0022622703924401483,""LERM"":0.006109849774406621,""LER_err"":1.7007601720925878,""Tend"":449.8}",PASS,metrics computed from 04_current_runs/runs/RUN_0003_FD_HEAVE_HEAVE_AF0_N20M_IC83_BL100_BQ05_T450_0706/input/qg_r001_center_heave_adcda246.out
RUN_0001_FD_HEAVE_HEAVE_AF0_N20M_IC83_BL100_BQ075_T450_0706,HEAVE_AF0_N20M_IC83_BL100_BQ075_T450_0706,FD_HEAVE,curated,false,20.9104,20.719426,0.92171712,0.0059450486,0.0063011469,0.018702579,0.018702579,0.26970715,0.032461035,0.0044903279,1.0044903,1.0044903,-8.2867,-8.32391,-8.2962,-8.3,-0.05,,0.28872302,0.66436217,0.032461035,"{""Surge"":0.269735398970482,""Sway"":0.4434012697119891,""Roll"":0.8680333878772045,""Pitch"":0.4983055448374292,""Yaw"":0.32708382836734}","{""Surge"":0.694133163574395,""Sway"":0.3830351608671329,""Roll"":0.23088104002761986,""Pitch"":0.08142292151490593,""Yaw"":0.09687871817782223}","{""J_wave"":0.018702578613523473,""J_shape"":0.2697071508748122,""env_err"":0.2887230186044738,""fp_err"":0.03246103503883257,""LERD"":0.0022622703924401483,""LERM"":0.0037652372692773143,""LER_err"":0.6643621743270147,""Tend"":449.8}",PASS,metrics computed from 04_current_runs/runs/RUN_0001_FD_HEAVE_HEAVE_AF0_N20M_IC83_BL100_BQ075_T450_0706/input/qg_r001_center_heave_adcda246.out
RUN_0001_FD_HEAVE_HEAVE_AF0_N20M_IC83_BL100_BQ090_T450_0706,HEAVE_AF0_N20M_IC83_BL100_BQ090_T450_0706,FD_HEAVE,curated,false,20.92436,20.719426,0.98909445,0.0045254366,0.0063011469,0.020797336,0.020797336,0.25248869,0.036975463,0.0040269347,1.0040269,1.0040269,-8.2867,-8.32007,-8.2962,-8.3,-0.05,,0.33304284,0.23830482,0.036975463,"{""Surge"":0.45118914404086996,""Sway"":0.4303379643385513,""Roll"":0.9225488038636236,""Pitch"":0.5582539197621105,""Yaw"":0.3132254794065609}","{""Surge"":0.694133163574395,""Sway"":0.3830351608671329,""Roll"":0.23088104002761986,""Pitch"":0.08142292151490593,""Yaw"":0.09687871817782223}","{""J_wave"":0.0207973364021093,""J_shape"":0.25248868768089144,""env_err"":0.33304283822401526,""fp_err"":0.03697546254844013,""LERD"":0.0022622703924401483,""LERM"":0.0028013803406477956,""LER_err"":0.23830482421959653,""Tend"":449.8}",PASS,metrics computed from 04_current_runs/runs/RUN_0001_FD_HEAVE_HEAVE_AF0_N20M_IC83_BL100_BQ090_T450_0706/input/qg_r001_center_heave_adcda246.out
RUN_0001_FD_HEAVE_HEAVE_AF0_N20M_IC83_BL100_BQ090_FULL_0706,HEAVE_AF0_N20M_IC83_BL100_BQ090_FULL_0706,FD_HEAVE,curated,false,20.904687,20.719426,0.89414571,0.00080371789,0.0063011469,0.020137016,0.020137016,0.25677891,0.029054808,0.0040233145,1.0040233,1.0040233,-8.2867,-8.32004,-8.2962,-8.3,-0.05,,0.31765777,0.32005924,0.029054808,"{""Surge"":0.8278373314327333,""Sway"":0.4425653024327807,""Roll"":0.9333569171020866,""Pitch"":0.5717949016347698,""Yaw"":0.510360394338344}","{""Surge"":0.694133163574395,""Sway"":0.3830351608671329,""Roll"":0.23088104002761986,""Pitch"":0.08142292151490593,""Yaw"":0.09687871817782223}","{""J_wave"":0.020137015654183108,""J_shape"":0.256778911246505,""env_err"":0.31765776965208076,""fp_err"":0.02905480807976683,""LERD"":0.002003839225521178,""LERM"":0.0026451864753788794,""LER_err"":0.32005923513693746,""Tend"":481.07000000000005}",PASS,metrics computed from 04_current_runs/runs/RUN_0001_FD_HEAVE_HEAVE_AF0_N20M_IC83_BL100_BQ090_FULL_0706/input/qg_r001_center_heave_adcda246.out
RUN_0001_FD_HEAVE_HEAVE_AF0_N20M_IC83_BL100_BQ095_T450_0706,HEAVE_AF0_N20M_IC83_BL100_BQ095_T450_0706,FD_HEAVE,curated,false,20.902121,20.719426,0.88176075,0.0040515971,0.0063011469,0.021819278,0.021819278,0.26258003,0.038454981,0.0040933061,1.0040933,1.0040933,-8.2867,-8.32062,-8.2962,-8.3,-0.05,,0.34776802,0.054265777,0.038454981,"{""Surge"":0.3973267096714468,""Sway"":0.46565710252532994,""Roll"":0.938721565441804,""Pitch"":0.5312857823526396,""Yaw"":0.27019267903428024}","{""Surge"":0.694133163574395,""Sway"":0.3830351608671329,""Roll"":0.23088104002761986,""Pitch"":0.08142292151490593,""Yaw"":0.09687871817782223}","{""J_wave"":0.021819278332090318,""J_shape"":0.26258003090580395,""env_err"":0.3477680216893352,""fp_err"":0.038454980527994176,""LERD"":0.0022622703924401483,""LERM"":0.0023850342540127144,""LER_err"":0.05426577741670812,""Tend"":449.8}",PASS,metrics computed from 04_current_runs/runs/RUN_0001_FD_HEAVE_HEAVE_AF0_N20M_IC83_BL100_BQ095_T450_0706/input/qg_r001_center_heave_adcda246.out
RUN_0001_FD_HEAVE_HEAVE_AF0_N20M_IC83_BL100_BQ095_FULL_0706,HEAVE_AF0_N20M_IC83_BL100_BQ095_FULL_0706,FD_HEAVE,curated,false,20.91242,20.719426,0.93146568,0.00070781805,0.0063011469,0.021112565,0.021112565,0.26545338,0.032756335,0.0038929851,1.003893,1.003893,-8.2867,-8.31896,-8.2962,-8.3,-0.05,,0.33205635,0.076941844,0.032756335,"{""Surge"":0.6547310982660367,""Sway"":0.49207186301877853,""Roll"":0.9493421919151194,""Pitch"":0.594954332814039,""Yaw"":0.3034909715091456}","{""Surge"":0.694133163574395,""Sway"":0.3830351608671329,""Roll"":0.23088104002761986,""Pitch"":0.08142292151490593,""Yaw"":0.09687871817782223}","{""J_wave"":0.02111256533466864,""J_shape"":0.26545338395724516,""env_err"":0.33205634700410125,""fp_err"":0.03275633515746818,""LERD"":0.002003839225521178,""LERM"":0.0021580183114812373,""LER_err"":0.07694184443363161,""Tend"":481.07000000000005}",PASS,metrics computed from 04_current_runs/runs/RUN_0001_FD_HEAVE_HEAVE_AF0_N20M_IC83_BL100_BQ095_FULL_0706/input/qg_r001_center_heave_adcda246.out
RUN_0001_FD_HEAVE_HEAVE_AF0_N20M_IC83_BL100_BQ095_T600_0706,HEAVE_AF0_N20M_IC83_BL100_BQ095_T600_0706,FD_HEAVE,curated,false,20.886147,20.719426,0.80466188,0.0017108633,0.0063011469,0.021119459,0.021119459,0.26534582,0.037478328,0.0040727913,1.0040728,1.0040728,-8.2867,-8.32045,-8.2962,-8.3,-0.05,,0.33075865,0.075277588,0.037478328,"{""Surge"":0.48245535996135386,""Sway"":0.4825312411754929,""Roll"":0.9454742524521064,""Pitch"":0.5619710982203878,""Yaw"":0.27712459853836846}","{""Surge"":0.694133163574395,""Sway"":0.3830351608671329,""Roll"":0.23088104002761986,""Pitch"":0.08142292151490593,""Yaw"":0.09687871817782223}","{""J_wave"":0.021119459359362505,""J_shape"":0.26534581860630296,""env_err"":0.3307586542272932,""fp_err"":0.037478327797645,""LERD"":0.002003839225521178,""LERM"":0.0021546834090467484,""LER_err"":0.07527758794438082,""Tend"":481.07000000000005}",PASS,metrics computed from 04_current_runs/runs/RUN_0001_FD_HEAVE_HEAVE_AF0_N20M_IC83_BL100_BQ095_T600_0706/input/qg_r001_center_heave_adcda246.out
RUN_0002_FD_HEAVE_HEAVE_AF0_N20M_IC83_BL100_BQ095_T600_0706,HEAVE_AF0_N20M_IC83_BL100_BQ095_T600_0706,FD_HEAVE,curated,false,20.886147,20.719426,0.80466188,0.0017108633,0.0063011469,0.021119459,0.021119459,0.26534582,0.037478328,0.0040727913,1.0040728,1.0040728,-8.2867,-8.32045,-8.2962,-8.3,-0.05,,0.33075865,0.075277588,0.037478328,"{""Surge"":0.48245535996135386,""Sway"":0.4825312411754929,""Roll"":0.9454742524521064,""Pitch"":0.5619710982203878,""Yaw"":0.27712459853836846}","{""Surge"":0.694133163574395,""Sway"":0.3830351608671329,""Roll"":0.23088104002761986,""Pitch"":0.08142292151490593,""Yaw"":0.09687871817782223}","{""J_wave"":0.021119459359362505,""J_shape"":0.26534581860630296,""env_err"":0.3307586542272932,""fp_err"":0.037478327797645,""LERD"":0.002003839225521178,""LERM"":0.0021546834090467484,""LER_err"":0.07527758794438082,""Tend"":481.07000000000005}",PASS,metrics computed from 04_current_runs/runs/RUN_0002_FD_HEAVE_HEAVE_AF0_N20M_IC83_BL100_BQ095_T600_0706/input/qg_r001_center_heave_adcda246.out
RUN_0001_FD_SWAY_SWAY_AF0_N50K_BQ118X_T450_0706,SWAY_AF0_N50K_BQ118X_T450_0706,FD_SWAY,curated,false,82.663333,79.430459,4.0700692,0.049044122,0.023182848,0.05832344,0.05832344,0.73607182,0.001758793,0.059490797,0.9405092,0.9405092,-15.1099,-14.211,-15.02749,-12.09,-0.05,,0.31178221,0.85892122,0.001758793,"{""Surge"":0.27687314007740715,""Heave"":0.2045876041630243,""Roll"":0.26075282210574857,""Pitch"":0.13354251802699943,""Yaw"":0.46194169678022995}","{""Surge"":0.09911156186697814,""Heave"":0.018040555839837675,""Roll"":0.11940848210435888,""Pitch"":0.0384504331662194,""Yaw"":0.1166189583607766}","{""J_wave"":0.058323440388768195,""J_shape"":0.7360718243269946,""env_err"":0.3117822082445043,""fp_err"":0.0017587930363786094,""LERD"":0.030287190696518605,""LERM"":0.004272879966434223,""LER_err"":0.8589212182387924,""Tend"":449.8}",PASS,metrics computed from 04_current_runs/runs/RUN_0001_FD_SWAY_SWAY_AF0_N50K_BQ118X_T450_0706/input/qg_r001_center_sway_ac064de6.out
RUN_0001_FD_SWAY_SWAY_AF0_N50K_IC1225_T450_0706,SWAY_AF0_N50K_IC1225_T450_0706,FD_SWAY,curated,false,82.704891,79.430459,4.1223892,0.04667568,0.023182848,0.058965766,0.058965766,0.8797787,0.043108318,0.039768629,0.96023137,0.96023137,-15.1099,-14.509,-15.02749,-12.25,-0.05,,0.24655913,0.067685204,0.043108318,"{""Surge"":0.21242240345648333,""Heave"":0.18892323561386754,""Roll"":0.2421105945944501,""Pitch"":0.12201678017008076,""Yaw"":0.398354388386014}","{""Surge"":0.09911156186697814,""Heave"":0.018040555839837675,""Roll"":0.11940848210435888,""Pitch"":0.0384504331662194,""Yaw"":0.1166189583607766}","{""J_wave"":0.058965765693825486,""J_shape"":0.8797787018139107,""env_err"":0.24655913379353964,""fp_err"":0.043108318180644915,""LERD"":0.030287190696518605,""LERM"":0.028237196016379338,""LER_err"":0.06768520397551782,""Tend"":449.8}",PASS,metrics computed from 04_current_runs/runs/RUN_0001_FD_SWAY_SWAY_AF0_N50K_IC1225_T450_0706/input/qg_r001_center_sway_ac064de6.out
RUN_0001_FD_SURGE_SURGE_AF0_N650K_IC205_T600_0706,SURGE_AF0_N650K_IC205_T600_0706,FD_SURGE,curated,false,88.672748,82.763612,7.1397746,0.031225523,0.020242479,0.042343662,0.042343662,0.92039191,0.06576477,0.080959389,0.91904061,0.91904061,-23.215405,-21.3359,-23.35351,-20.5,-0.05,,0.31099677,1.7468161,0.06576477,"{""Sway"":0.14432268394669967,""Heave"":0.14220062361145738,""Roll"":0.17137324909984195,""Pitch"":0.063591798152346,""Yaw"":0.1706935472080299}","{""Sway"":0.15896017090110728,""Heave"":0.01968059507325694,""Roll"":0.03291602612100948,""Pitch"":0.10723769417504003,""Yaw"":0.03816688415976064}","{""J_wave"":0.04234366169799021,""J_shape"":0.9203919062643598,""env_err"":0.3109967673923368,""fp_err"":0.06576476990879354,""LERD"":0.005620400769700252,""LERM"":0.015438207536160474,""LER_err"":1.7468161379858023,""Tend"":599.8}",PASS,metrics computed from 04_current_runs/runs/RUN_0001_FD_SURGE_SURGE_AF0_N650K_IC205_T600_0706/input/qg_r001_center_surge_9d3daf69.out
RUN_0001_FD_SURGE_SURGE_AF0_N250K_IC185_T600_0706,SURGE_AF0_N250K_IC185_T600_0706,FD_SURGE,curated,false,85.899291,82.763612,3.7887162,0.029871742,0.020242479,0.028745492,0.028745492,0.42932296,0.068067153,0.091120745,0.90887925,0.90887925,-23.215405,-21.1,-23.35351,-18.5,-0.05,,0.28424202,0.58708817,0.068067153,"{""Sway"":0.09485293105593148,""Heave"":0.1404437771757203,""Roll"":0.16967866573734222,""Pitch"":0.0629647304803827,""Yaw"":0.1382870925742683}","{""Sway"":0.15896017090110728,""Heave"":0.01968059507325694,""Roll"":0.03291602612100948,""Pitch"":0.10723769417504003,""Yaw"":0.03816688415976064}","{""J_wave"":0.028745492245341665,""J_shape"":0.42932295738113774,""env_err"":0.28424202340776394,""fp_err"":0.06806715281716069,""LERD"":0.005620400769700252,""LERM"":0.008920071550523536,""LER_err"":0.5870881661343277,""Tend"":599.8}",PASS,metrics computed from 04_current_runs/runs/RUN_0001_FD_SURGE_SURGE_AF0_N250K_IC185_T600_0706/input/qg_r001_center_surge_9d3daf69.out
RUN_0003_FD_SURGE_HEAVE095_ROLL090_CMP_0612144710,HEAVE095_ROLL090_CMP_0612144710,FD_SURGE,curated,false,82.225,82.763612,0.65078407,0.010871949,0.020242479,0.050632098,0.050632098,0.95288635,0.30223682,0.32811855,0.67188145,0.67188145,-23.215405,-15.598,-23.35351,-13.62,-0.05,,0.41243468,0.12985051,0.30223682,"{""Sway"":0.22588017452773052,""Heave"":0.18582662348282744,""Roll"":0.23963936997632412,""Pitch"":0.0944401418286636,""Yaw"":0.20640734371199632}","{""Sway"":0.15896017090110728,""Heave"":0.01968059507325694,""Roll"":0.03291602612100948,""Pitch"":0.10723769417504003,""Yaw"":0.03816688415976064}","{""J_wave"":0.05063209750784892,""J_shape"":0.9528863462184654,""env_err"":0.4124346762157335,""fp_err"":0.3022368159690829,""LERD"":0.003995852928715648,""LERM"":0.003476989376440771,""LER_err"":0.12985051290204785,""Tend"":740.9499999999999}",PASS,metrics computed from 04_current_runs/runs/RUN_0003_FD_SURGE_HEAVE095_ROLL090_CMP_0612144710/input/qg_r001_center_surge_9d3daf69.out
RUN_0003_FD_SWAY_HEAVE095_ROLL090_CMP_0612144710,HEAVE095_ROLL090_CMP_0612144710,FD_SWAY,curated,false,81.500957,79.430459,2.6066805,0.024371127,0.023182848,0.041654771,0.041654771,0.77661815,0.17945897,0.22123906,0.77876094,0.77876094,-15.1099,-11.767,-15.02749,-10.17,-0.05,,0.32304132,0.35183958,0.17945897,"{""Surge"":0.26816376680217735,""Heave"":0.2168165516260234,""Roll"":0.3505626586509387,""Pitch"":0.14302719078669343,""Yaw"":0.46150748167672534}","{""Surge"":0.09911156186697814,""Heave"":0.018040555839837675,""Roll"":0.11940848210435888,""Pitch"":0.0384504331662194,""Yaw"":0.1166189583607766}","{""J_wave"":0.04165477091706935,""J_shape"":0.7766181475371647,""env_err"":0.32304132168664657,""fp_err"":0.1794589747715785,""LERD"":0.008732298675839493,""LERM"":0.005659930353963606,""LER_err"":0.35183958267214444,""Tend"":899.8}",PASS,metrics computed from 04_current_runs/runs/RUN_0003_FD_SWAY_HEAVE095_ROLL090_CMP_0612144710/input/qg_r001_center_sway_ac064de6.out
RUN_0003_FD_HEAVE_HEAVE095_ROLL090_CMP_0612144710,HEAVE095_ROLL090_CMP_0612144710,FD_HEAVE,curated,false,20.869684,20.719426,0.72520623,0.0014965252,0.0063011469,0.035911044,0.035911044,0.25950114,0.59547417,0.52738726,1.5273873,1.5273873,-8.2867,-12.657,-8.2962,-7.775,-0.05,,0.49810556,0.2324664,0.59547417,"{""Surge"":0.47426972989990257,""Sway"":0.4071225456388395,""Roll"":0.6574789810751767,""Pitch"":0.3964933592656773,""Yaw"":0.25013274270120506}","{""Surge"":0.694133163574395,""Sway"":0.3830351608671329,""Roll"":0.23088104002761986,""Pitch"":0.08142292151490593,""Yaw"":0.09687871817782223}","{""J_wave"":0.03591104378651661,""J_shape"":0.25950114249087064,""env_err"":0.4981055635233206,""fp_err"":0.5954741650333333,""LERD"":0.0029834655567953176,""LERM"":0.002289910062798347,""LER_err"":0.23246639882176207,""Tend"":399.8}",PASS,metrics computed from 04_current_runs/runs/RUN_0003_FD_HEAVE_HEAVE095_ROLL090_CMP_0612144710/input/qg_r001_center_heave_adcda246.out
RUN_0003_FD_ROLL_HEAVE095_ROLL090_CMP_0612144710,HEAVE095_ROLL090_CMP_0612144710,FD_ROLL,curated,false,31.543425,31.040392,1.6205738,0.02674023,0.02049542,0.043418499,0.043418499,0.93652235,0.24551848,0.19267405,1.1926741,1.1926741,11.95968,14.264,11.97218,16.89,-0.05,,0.18188612,0.030743987,0.24551848,"{""Surge"":0.24034834708123032,""Sway"":0.46687646763627005,""Heave"":0.23685579117490937,""Pitch"":0.15015618866638064,""Yaw"":0.20948037823893564}","{""Surge"":0.13004178340036146,""Sway"":0.2811231135878405,""Heave"":0.032594922860306255,""Pitch"":0.24847735333665472,""Yaw"":0.10705157585119539}","{""J_wave"":0.04341849925363179,""J_shape"":0.9365223472691048,""env_err"":0.181886119477882,""fp_err"":0.2455184834145144,""LERD"":0.006503664007973453,""LERM"":0.006303715446567206,""LER_err"":0.03074398695275639,""Tend"":519.8}",PASS,metrics computed from 04_current_runs/runs/RUN_0003_FD_ROLL_HEAVE095_ROLL090_CMP_0612144710/input/qg_r001_center_roll_38d48f80.out
RUN_0003_FD_PITCH_HEAVE095_ROLL090_CMP_0612144710,HEAVE095_ROLL090_CMP_0612144710,FD_PITCH,curated,false,30.507999,30.598882,0.29701453,0.020856658,0.025569995,0.014713236,0.014713236,0.20796211,0.15387015,0.16358382,1.1635838,1.1635838,-9.03115,-10.5085,-9.028615,-9.679,-0.05,,0.1346887,0.5981415,0.15387015,"{""Surge"":0.356209322362823,""Sway"":0.14941950599850495,""Heave"":0.2865059624941527,""Roll"":0.3404670086450939,""Yaw"":0.2909548621409635}","{""Surge"":0.3652553627158409,""Sway"":0.11511580438120428,""Heave"":0.09709203619753709,""Roll"":0.24451383619627762,""Yaw"":0.12733165013806358}","{""J_wave"":0.014713235948848635,""J_shape"":0.2079621100897117,""env_err"":0.13468870392701693,""fp_err"":0.153870153609555,""LERD"":0.013125939777430977,""LERM"":0.020977109108013196,""LER_err"":0.5981415017674916,""Tend"":484.68}",PASS,metrics computed from 04_current_runs/runs/RUN_0003_FD_PITCH_HEAVE095_ROLL090_CMP_0612144710/input/qg_r001_center_pitch_e18abe27.out
RUN_0003_FD_YAW_HEAVE095_ROLL090_CMP_0612144710,HEAVE095_ROLL090_CMP_0612144710,FD_YAW,curated,false,50.313075,50.687273,0.73824889,0.022467835,0.024700713,0.027204702,0.027204702,0.54931518,0.20162353,0.19985461,0.80014539,0.80014539,-18.0201,-14.4187,-17.8903,-14.98,-0.05,,0.27050089,0.75605018,0.20162353,"{""Surge"":0.4118261440940836,""Sway"":0.22851825558166444,""Heave"":0.2009042947880548,""Roll"":0.2632192935878376,""Pitch"":0.07801584716959176}","{""Surge"":0.1667131756781034,""Sway"":0.06151291011602063,""Heave"":0.00833951391833249,""Roll"":0.08748756161027149,""Pitch"":0.06650130575791667}","{""J_wave"":0.02720470227598641,""J_shape"":0.5493151763948386,""env_err"":0.2705008927901316,""fp_err"":0.20162353309357162,""LERD"":0.010254479339074602,""LERM"":0.01800738033653799,""LER_err"":0.7560501846174702,""Tend"":628.0}",PASS,metrics computed from 04_current_runs/runs/RUN_0003_FD_YAW_HEAVE095_ROLL090_CMP_0612144710/input/qg_r001_center_yaw_fe6ed2b1.out
RUN_0001_FD_SURGE_SURGE_AF0_N180K_IC177_T600_0706,SURGE_AF0_N180K_IC177_T600_0706,FD_SURGE,curated,false,78.988889,82.763612,4.5608492,0.019847988,0.020242479,0.034443154,0.034443154,0.77035616,0.076045767,0.11231357,0.88768643,0.88768643,-23.215405,-20.608,-23.35351,-17.7,-0.05,,0.32035411,0.22713601,0.076045767,"{""Sway"":0.13937837635703673,""Heave"":0.14998614139020833,""Roll"":0.186159613786837,""Pitch"":0.05186904693558585,""Yaw"":0.1363608030013637}","{""Sway"":0.15896017090110728,""Heave"":0.01968059507325694,""Roll"":0.03291602612100948,""Pitch"":0.10723769417504003,""Yaw"":0.03816688415976064}","{""J_wave"":0.034443153942130954,""J_shape"":0.7703561602503384,""env_err"":0.3203541077093192,""fp_err"":0.07604576671392797,""LERD"":0.005620400769700252,""LERM"":0.004343805348569903,""LER_err"":0.22713601279334253,""Tend"":599.8}",PASS,metrics computed from 04_current_runs/runs/RUN_0001_FD_SURGE_SURGE_AF0_N180K_IC177_T600_0706/input/qg_r001_center_surge_9d3daf69.out
RUN_0004_FD_SURGE_HEAVE095_ROLL090_CMP_0612144710,HEAVE095_ROLL090_CMP_0612144710,FD_SURGE,curated,false,82.225,82.763612,0.65078407,0.010871949,0.020242479,0.050632098,0.050632098,0.95288635,0.30223682,0.32811855,0.67188145,0.67188145,-23.215405,-15.598,-23.35351,-13.62,-0.05,,0.41243468,0.12985051,0.30223682,"{""Sway"":0.22588017452773052,""Heave"":0.18582662348282744,""Roll"":0.23963936997632412,""Pitch"":0.0944401418286636,""Yaw"":0.20640734371199632}","{""Sway"":0.15896017090110728,""Heave"":0.01968059507325694,""Roll"":0.03291602612100948,""Pitch"":0.10723769417504003,""Yaw"":0.03816688415976064}","{""J_wave"":0.05063209750784892,""J_shape"":0.9528863462184654,""env_err"":0.4124346762157335,""fp_err"":0.3022368159690829,""LERD"":0.003995852928715648,""LERM"":0.003476989376440771,""LER_err"":0.12985051290204785,""Tend"":740.9499999999999}",PASS,metrics computed from 04_current_runs/runs/RUN_0004_FD_SURGE_HEAVE095_ROLL090_CMP_0612144710/input/qg_r001_center_surge_9d3daf69.out
RUN_0004_FD_SWAY_HEAVE095_ROLL090_CMP_0612144710,HEAVE095_ROLL090_CMP_0612144710,FD_SWAY,curated,false,81.500957,79.430459,2.6066805,0.024371127,0.023182848,0.041654771,0.041654771,0.77661815,0.17945897,0.22123906,0.77876094,0.77876094,-15.1099,-11.767,-15.02749,-10.17,-0.05,,0.32304132,0.35183958,0.17945897,"{""Surge"":0.26816376680217735,""Heave"":0.2168165516260234,""Roll"":0.3505626586509387,""Pitch"":0.14302719078669343,""Yaw"":0.46150748167672534}","{""Surge"":0.09911156186697814,""Heave"":0.018040555839837675,""Roll"":0.11940848210435888,""Pitch"":0.0384504331662194,""Yaw"":0.1166189583607766}","{""J_wave"":0.04165477091706935,""J_shape"":0.7766181475371647,""env_err"":0.32304132168664657,""fp_err"":0.1794589747715785,""LERD"":0.008732298675839493,""LERM"":0.005659930353963606,""LER_err"":0.35183958267214444,""Tend"":899.8}",PASS,metrics computed from 04_current_runs/runs/RUN_0004_FD_SWAY_HEAVE095_ROLL090_CMP_0612144710/input/qg_r001_center_sway_ac064de6.out
RUN_0004_FD_HEAVE_HEAVE095_ROLL090_CMP_0612144710,HEAVE095_ROLL090_CMP_0612144710,FD_HEAVE,curated,false,20.869684,20.719426,0.72520623,0.0014965252,0.0063011469,0.035911044,0.035911044,0.25950114,0.59547417,0.52738726,1.5273873,1.5273873,-8.2867,-12.657,-8.2962,-7.775,-0.05,,0.49810556,0.2324664,0.59547417,"{""Surge"":0.47426972989990257,""Sway"":0.4071225456388395,""Roll"":0.6574789810751767,""Pitch"":0.3964933592656773,""Yaw"":0.25013274270120506}","{""Surge"":0.694133163574395,""Sway"":0.3830351608671329,""Roll"":0.23088104002761986,""Pitch"":0.08142292151490593,""Yaw"":0.09687871817782223}","{""J_wave"":0.03591104378651661,""J_shape"":0.25950114249087064,""env_err"":0.4981055635233206,""fp_err"":0.5954741650333333,""LERD"":0.0029834655567953176,""LERM"":0.002289910062798347,""LER_err"":0.23246639882176207,""Tend"":399.8}",PASS,metrics computed from 04_current_runs/runs/RUN_0004_FD_HEAVE_HEAVE095_ROLL090_CMP_0612144710/input/qg_r001_center_heave_adcda246.out
RUN_0004_FD_ROLL_HEAVE095_ROLL090_CMP_0612144710,HEAVE095_ROLL090_CMP_0612144710,FD_ROLL,curated,false,31.543425,31.040392,1.6205738,0.02674023,0.02049542,0.043418499,0.043418499,0.93652235,0.24551848,0.19267405,1.1926741,1.1926741,11.95968,14.264,11.97218,16.89,-0.05,,0.18188612,0.030743987,0.24551848,"{""Surge"":0.24034834708123032,""Sway"":0.46687646763627005,""Heave"":0.23685579117490937,""Pitch"":0.15015618866638064,""Yaw"":0.20948037823893564}","{""Surge"":0.13004178340036146,""Sway"":0.2811231135878405,""Heave"":0.032594922860306255,""Pitch"":0.24847735333665472,""Yaw"":0.10705157585119539}","{""J_wave"":0.04341849925363179,""J_shape"":0.9365223472691048,""env_err"":0.181886119477882,""fp_err"":0.2455184834145144,""LERD"":0.006503664007973453,""LERM"":0.006303715446567206,""LER_err"":0.03074398695275639,""Tend"":519.8}",PASS,metrics computed from 04_current_runs/runs/RUN_0004_FD_ROLL_HEAVE095_ROLL090_CMP_0612144710/input/qg_r001_center_roll_38d48f80.out
RUN_0004_FD_PITCH_HEAVE095_ROLL090_CMP_0612144710,HEAVE095_ROLL090_CMP_0612144710,FD_PITCH,curated,false,30.507999,30.598882,0.29701453,0.020856658,0.025569995,0.014713236,0.014713236,0.20796211,0.15387015,0.16358382,1.1635838,1.1635838,-9.03115,-10.5085,-9.028615,-9.679,-0.05,,0.1346887,0.5981415,0.15387015,"{""Surge"":0.356209322362823,""Sway"":0.14941950599850495,""Heave"":0.2865059624941527,""Roll"":0.3404670086450939,""Yaw"":0.2909548621409635}","{""Surge"":0.3652553627158409,""Sway"":0.11511580438120428,""Heave"":0.09709203619753709,""Roll"":0.24451383619627762,""Yaw"":0.12733165013806358}","{""J_wave"":0.014713235948848635,""J_shape"":0.2079621100897117,""env_err"":0.13468870392701693,""fp_err"":0.153870153609555,""LERD"":0.013125939777430977,""LERM"":0.020977109108013196,""LER_err"":0.5981415017674916,""Tend"":484.68}",PASS,metrics computed from 04_current_runs/runs/RUN_0004_FD_PITCH_HEAVE095_ROLL090_CMP_0612144710/input/qg_r001_center_pitch_e18abe27.out
RUN_0004_FD_YAW_HEAVE095_ROLL090_CMP_0612144710,HEAVE095_ROLL090_CMP_0612144710,FD_YAW,curated,false,50.313075,50.687273,0.73824889,0.022467835,0.024700713,0.027204702,0.027204702,0.54931518,0.20162353,0.19985461,0.80014539,0.80014539,-18.0201,-14.4187,-17.8903,-14.98,-0.05,,0.27050089,0.75605018,0.20162353,"{""Surge"":0.4118261440940836,""Sway"":0.22851825558166444,""Heave"":0.2009042947880548,""Roll"":0.2632192935878376,""Pitch"":0.07801584716959176}","{""Surge"":0.1667131756781034,""Sway"":0.06151291011602063,""Heave"":0.00833951391833249,""Roll"":0.08748756161027149,""Pitch"":0.06650130575791667}","{""J_wave"":0.02720470227598641,""J_shape"":0.5493151763948386,""env_err"":0.2705008927901316,""fp_err"":0.20162353309357162,""LERD"":0.010254479339074602,""LERM"":0.01800738033653799,""LER_err"":0.7560501846174702,""Tend"":628.0}",PASS,metrics computed from 04_current_runs/runs/RUN_0004_FD_YAW_HEAVE095_ROLL090_CMP_0612144710/input/qg_r001_center_yaw_fe6ed2b1.out
RUN_0005_FD_SURGE_HEAVE095_ROLL090_CMP_0612144710,HEAVE095_ROLL090_CMP_0612144710,FD_SURGE,curated,false,82.225,82.763612,0.65078407,0.010871949,0.020242479,0.050632098,0.050632098,0.95288635,0.30223682,0.32811855,0.67188145,0.67188145,-23.215405,-15.598,-23.35351,-13.62,-0.05,,0.41243468,0.12985051,0.30223682,"{""Sway"":0.22588017452773052,""Heave"":0.18582662348282744,""Roll"":0.23963936997632412,""Pitch"":0.0944401418286636,""Yaw"":0.20640734371199632}","{""Sway"":0.15896017090110728,""Heave"":0.01968059507325694,""Roll"":0.03291602612100948,""Pitch"":0.10723769417504003,""Yaw"":0.03816688415976064}","{""J_wave"":0.05063209750784892,""J_shape"":0.9528863462184654,""env_err"":0.4124346762157335,""fp_err"":0.3022368159690829,""LERD"":0.003995852928715648,""LERM"":0.003476989376440771,""LER_err"":0.12985051290204785,""Tend"":740.9499999999999}",PASS,metrics computed from 04_current_runs/runs/RUN_0005_FD_SURGE_HEAVE095_ROLL090_CMP_0612144710/input/qg_r001_center_surge_9d3daf69.out
RUN_0005_FD_SWAY_HEAVE095_ROLL090_CMP_0612144710,HEAVE095_ROLL090_CMP_0612144710,FD_SWAY,curated,false,81.500957,79.430459,2.6066805,0.024371127,0.023182848,0.041654771,0.041654771,0.77661815,0.17945897,0.22123906,0.77876094,0.77876094,-15.1099,-11.767,-15.02749,-10.17,-0.05,,0.32304132,0.35183958,0.17945897,"{""Surge"":0.26816376680217735,""Heave"":0.2168165516260234,""Roll"":0.3505626586509387,""Pitch"":0.14302719078669343,""Yaw"":0.46150748167672534}","{""Surge"":0.09911156186697814,""Heave"":0.018040555839837675,""Roll"":0.11940848210435888,""Pitch"":0.0384504331662194,""Yaw"":0.1166189583607766}","{""J_wave"":0.04165477091706935,""J_shape"":0.7766181475371647,""env_err"":0.32304132168664657,""fp_err"":0.1794589747715785,""LERD"":0.008732298675839493,""LERM"":0.005659930353963606,""LER_err"":0.35183958267214444,""Tend"":899.8}",PASS,metrics computed from 04_current_runs/runs/RUN_0005_FD_SWAY_HEAVE095_ROLL090_CMP_0612144710/input/qg_r001_center_sway_ac064de6.out
RUN_0005_FD_HEAVE_HEAVE095_ROLL090_CMP_0612144710,HEAVE095_ROLL090_CMP_0612144710,FD_HEAVE,curated,false,20.869684,20.719426,0.72520623,0.0014965252,0.0063011469,0.035911044,0.035911044,0.25950114,0.59547417,0.52738726,1.5273873,1.5273873,-8.2867,-12.657,-8.2962,-7.775,-0.05,,0.49810556,0.2324664,0.59547417,"{""Surge"":0.47426972989990257,""Sway"":0.4071225456388395,""Roll"":0.6574789810751767,""Pitch"":0.3964933592656773,""Yaw"":0.25013274270120506}","{""Surge"":0.694133163574395,""Sway"":0.3830351608671329,""Roll"":0.23088104002761986,""Pitch"":0.08142292151490593,""Yaw"":0.09687871817782223}","{""J_wave"":0.03591104378651661,""J_shape"":0.25950114249087064,""env_err"":0.4981055635233206,""fp_err"":0.5954741650333333,""LERD"":0.0029834655567953176,""LERM"":0.002289910062798347,""LER_err"":0.23246639882176207,""Tend"":399.8}",PASS,metrics computed from 04_current_runs/runs/RUN_0005_FD_HEAVE_HEAVE095_ROLL090_CMP_0612144710/input/qg_r001_center_heave_adcda246.out
RUN_0005_FD_ROLL_HEAVE095_ROLL090_CMP_0612144710,HEAVE095_ROLL090_CMP_0612144710,FD_ROLL,curated,false,31.543425,31.040392,1.6205738,0.02674023,0.02049542,0.043418499,0.043418499,0.93652235,0.24551848,0.19267405,1.1926741,1.1926741,11.95968,14.264,11.97218,16.89,-0.05,,0.18188612,0.030743987,0.24551848,"{""Surge"":0.24034834708123032,""Sway"":0.46687646763627005,""Heave"":0.23685579117490937,""Pitch"":0.15015618866638064,""Yaw"":0.20948037823893564}","{""Surge"":0.13004178340036146,""Sway"":0.2811231135878405,""Heave"":0.032594922860306255,""Pitch"":0.24847735333665472,""Yaw"":0.10705157585119539}","{""J_wave"":0.04341849925363179,""J_shape"":0.9365223472691048,""env_err"":0.181886119477882,""fp_err"":0.2455184834145144,""LERD"":0.006503664007973453,""LERM"":0.006303715446567206,""LER_err"":0.03074398695275639,""Tend"":519.8}",PASS,metrics computed from 04_current_runs/runs/RUN_0005_FD_ROLL_HEAVE095_ROLL090_CMP_0612144710/input/qg_r001_center_roll_38d48f80.out
RUN_0005_FD_PITCH_HEAVE095_ROLL090_CMP_0612144710,HEAVE095_ROLL090_CMP_0612144710,FD_PITCH,curated,false,30.507999,30.598882,0.29701453,0.020856658,0.025569995,0.014713236,0.014713236,0.20796211,0.15387015,0.16358382,1.1635838,1.1635838,-9.03115,-10.5085,-9.028615,-9.679,-0.05,,0.1346887,0.5981415,0.15387015,"{""Surge"":0.356209322362823,""Sway"":0.14941950599850495,""Heave"":0.2865059624941527,""Roll"":0.3404670086450939,""Yaw"":0.2909548621409635}","{""Surge"":0.3652553627158409,""Sway"":0.11511580438120428,""Heave"":0.09709203619753709,""Roll"":0.24451383619627762,""Yaw"":0.12733165013806358}","{""J_wave"":0.014713235948848635,""J_shape"":0.2079621100897117,""env_err"":0.13468870392701693,""fp_err"":0.153870153609555,""LERD"":0.013125939777430977,""LERM"":0.020977109108013196,""LER_err"":0.5981415017674916,""Tend"":484.68}",PASS,metrics computed from 04_current_runs/runs/RUN_0005_FD_PITCH_HEAVE095_ROLL090_CMP_0612144710/input/qg_r001_center_pitch_e18abe27.out
RUN_0001_FD_SURGE_SURGE_AF0_N210K_IC180_T600_0706,SURGE_AF0_N210K_IC180_T600_0706,FD_SURGE,curated,false,80.66875,82.763612,2.5311394,0.025921026,0.020242479,0.034817392,0.034817392,0.79213078,0.053347281,0.097625047,0.90237495,0.90237495,-23.215405,-20.949,-23.35351,-18,-0.05,,0.29718912,0.57923277,0.053347281,"{""Sway"":0.08176388458313281,""Heave"":0.1474609365292667,""Roll"":0.17722568984850678,""Pitch"":0.06046224967077451,""Yaw"":0.18051597261756241}","{""Sway"":0.15896017090110728,""Heave"":0.01968059507325694,""Roll"":0.03291602612100948,""Pitch"":0.10723769417504003,""Yaw"":0.03816688415976064}","{""J_wave"":0.034817391728112296,""J_shape"":0.7921307835112199,""env_err"":0.2971891154574481,""fp_err"":0.053347280754187834,""LERD"":0.005620400769700252,""LERM"":0.00236488047901399,""LER_err"":0.5792327672141938,""Tend"":599.8}",PASS,metrics computed from 04_current_runs/runs/RUN_0001_FD_SURGE_SURGE_AF0_N210K_IC180_T600_0706/input/qg_r001_center_surge_9d3daf69.out
RUN_0005_FD_YAW_HEAVE095_ROLL090_CMP_0612144710,HEAVE095_ROLL090_CMP_0612144710,FD_YAW,curated,false,50.313075,50.687273,0.73824889,0.022467835,0.024700713,0.027204702,0.027204702,0.54931518,0.20162353,0.19985461,0.80014539,0.80014539,-18.0201,-14.4187,-17.8903,-14.98,-0.05,,0.27050089,0.75605018,0.20162353,"{""Surge"":0.4118261440940836,""Sway"":0.22851825558166444,""Heave"":0.2009042947880548,""Roll"":0.2632192935878376,""Pitch"":0.07801584716959176}","{""Surge"":0.1667131756781034,""Sway"":0.06151291011602063,""Heave"":0.00833951391833249,""Roll"":0.08748756161027149,""Pitch"":0.06650130575791667}","{""J_wave"":0.02720470227598641,""J_shape"":0.5493151763948386,""env_err"":0.2705008927901316,""fp_err"":0.20162353309357162,""LERD"":0.010254479339074602,""LERM"":0.01800738033653799,""LER_err"":0.7560501846174702,""Tend"":628.0}",PASS,metrics computed from 04_current_runs/runs/RUN_0005_FD_YAW_HEAVE095_ROLL090_CMP_0612144710/input/qg_r001_center_yaw_fe6ed2b1.out
RUN_0001_FD_SURGE_SURGE_AF0_N180K_IC177_UL1001_T600_0706,SURGE_AF0_N180K_IC177_UL1001_T600_0706,FD_SURGE,curated,false,78.98,82.763612,4.5715892,0.024552077,0.020242479,0.035756925,0.035756925,0.70567586,0.10275351,0.1168795,0.8831205,0.8831205,-23.215405,-20.502,-23.35351,-17.7,-0.05,,0.33873027,0.81620868,0.10275351,"{""Sway"":0.16698158357580373,""Heave"":0.1532350143463636,""Roll"":0.18073481650572065,""Pitch"":0.07256060417458993,""Yaw"":0.16236097628911533}","{""Sway"":0.15896017090110728,""Heave"":0.01968059507325694,""Roll"":0.03291602612100948,""Pitch"":0.10723769417504003,""Yaw"":0.03816688415976064}","{""J_wave"":0.035756924827044775,""J_shape"":0.7056758604974771,""env_err"":0.33873027466301237,""fp_err"":0.10275351389039321,""LERD"":0.005620400769700252,""LERM"":0.010207820673638105,""LER_err"":0.8162086818912934,""Tend"":599.8}",PASS,metrics computed from 04_current_runs/runs/RUN_0001_FD_SURGE_SURGE_AF0_N180K_IC177_UL1001_T600_0706/input/qg_r001_center_surge_9d3daf69.out
RUN_0001_FD_SURGE_SURGE_AF0_N180K_IC177_CL5500_T600_0706,SURGE_AF0_N180K_IC177_CL5500_T600_0706,FD_SURGE,curated,false,90.935,82.763612,9.8731645,0.024757714,0.020242479,0.042633761,0.042633761,1.0352343,0.049611005,0.099649565,0.90035044,0.90035044,-23.215405,-20.902,-23.35351,-17.7,-0.05,,0.30985805,1.5275905,0.049611005,"{""Sway"":0.16384711288936435,""Heave"":0.14847756723383843,""Roll"":0.179856319700991,""Pitch"":0.05892035012757553,""Yaw"":0.16968534672396304}","{""Sway"":0.15896017090110728,""Heave"":0.01968059507325694,""Roll"":0.03291602612100948,""Pitch"":0.10723769417504003,""Yaw"":0.03816688415976064}","{""J_wave"":0.042633760589699886,""J_shape"":1.035234322382665,""env_err"":0.3098580518420165,""fp_err"":0.04961100485790734,""LERD"":0.005620400769700252,""LERM"":0.014206071313390639,""LER_err"":1.5275904504845979,""Tend"":599.8}",PASS,metrics computed from 04_current_runs/runs/RUN_0001_FD_SURGE_SURGE_AF0_N180K_IC177_CL5500_T600_0706/input/qg_r001_center_surge_9d3daf69.out
RUN_0001_FD_SURGE_SURGE_AF0_N190K_IC178_T600_0706,SURGE_AF0_N190K_IC178_T600_0706,FD_SURGE,curated,false,78.03125,82.763612,5.7179264,0.023651473,0.020242479,0.034542622,0.034542622,0.68908025,0.076445965,0.10180331,0.89819669,0.89819669,-23.215405,-20.852,-23.35351,-17.8,-0.05,,0.32111639,0.004736511,0.076445965,"{""Sway"":0.11816071281512235,""Heave"":0.15219386104092889,""Roll"":0.18368949962641584,""Pitch"":0.06427436992695681,""Yaw"":0.09239182185413838}","{""Sway"":0.15896017090110728,""Heave"":0.01968059507325694,""Roll"":0.03291602612100948,""Pitch"":0.10723769417504003,""Yaw"":0.03816688415976064}","{""J_wave"":0.034542621534557824,""J_shape"":0.6890802529146839,""env_err"":0.3211163948174615,""fp_err"":0.07644596474366695,""LERD"":0.005620400769700252,""LERM"":0.005647021859820006,""LER_err"":0.004736511008835836,""Tend"":599.8}",PASS,metrics computed from 04_current_runs/runs/RUN_0001_FD_SURGE_SURGE_AF0_N190K_IC178_T600_0706/input/qg_r001_center_surge_9d3daf69.out
RUN_0006_FD_SURGE_HEAVE095_ROLL090_CMP_0612144710,HEAVE095_ROLL090_CMP_0612144710,FD_SURGE,curated,false,82.225,82.763612,0.65078407,0.010871949,0.020242479,0.050632098,0.050632098,0.95288635,0.30223682,0.32811855,0.67188145,0.67188145,-23.215405,-15.598,-23.35351,-13.62,-0.05,,0.41243468,0.12985051,0.30223682,"{""Sway"":0.22588017452773052,""Heave"":0.18582662348282744,""Roll"":0.23963936997632412,""Pitch"":0.0944401418286636,""Yaw"":0.20640734371199632}","{""Sway"":0.15896017090110728,""Heave"":0.01968059507325694,""Roll"":0.03291602612100948,""Pitch"":0.10723769417504003,""Yaw"":0.03816688415976064}","{""J_wave"":0.05063209750784892,""J_shape"":0.9528863462184654,""env_err"":0.4124346762157335,""fp_err"":0.3022368159690829,""LERD"":0.003995852928715648,""LERM"":0.003476989376440771,""LER_err"":0.12985051290204785,""Tend"":740.9499999999999}",PASS,metrics computed from 04_current_runs/runs/RUN_0006_FD_SURGE_HEAVE095_ROLL090_CMP_0612144710/input/qg_r001_center_surge_9d3daf69.out
RUN_0006_FD_SWAY_HEAVE095_ROLL090_CMP_0612144710,HEAVE095_ROLL090_CMP_0612144710,FD_SWAY,curated,false,81.500957,79.430459,2.6066805,0.024371127,0.023182848,0.041654771,0.041654771,0.77661815,0.17945897,0.22123906,0.77876094,0.77876094,-15.1099,-11.767,-15.02749,-10.17,-0.05,,0.32304132,0.35183958,0.17945897,"{""Surge"":0.26816376680217735,""Heave"":0.2168165516260234,""Roll"":0.3505626586509387,""Pitch"":0.14302719078669343,""Yaw"":0.46150748167672534}","{""Surge"":0.09911156186697814,""Heave"":0.018040555839837675,""Roll"":0.11940848210435888,""Pitch"":0.0384504331662194,""Yaw"":0.1166189583607766}","{""J_wave"":0.04165477091706935,""J_shape"":0.7766181475371647,""env_err"":0.32304132168664657,""fp_err"":0.1794589747715785,""LERD"":0.008732298675839493,""LERM"":0.005659930353963606,""LER_err"":0.35183958267214444,""Tend"":899.8}",PASS,metrics computed from 04_current_runs/runs/RUN_0006_FD_SWAY_HEAVE095_ROLL090_CMP_0612144710/input/qg_r001_center_sway_ac064de6.out
RUN_0006_FD_HEAVE_HEAVE095_ROLL090_CMP_0612144710,HEAVE095_ROLL090_CMP_0612144710,FD_HEAVE,curated,false,20.869684,20.719426,0.72520623,0.0014965252,0.0063011469,0.035911044,0.035911044,0.25950114,0.59547417,0.52738726,1.5273873,1.5273873,-8.2867,-12.657,-8.2962,-7.775,-0.05,,0.49810556,0.2324664,0.59547417,"{""Surge"":0.47426972989990257,""Sway"":0.4071225456388395,""Roll"":0.6574789810751767,""Pitch"":0.3964933592656773,""Yaw"":0.25013274270120506}","{""Surge"":0.694133163574395,""Sway"":0.3830351608671329,""Roll"":0.23088104002761986,""Pitch"":0.08142292151490593,""Yaw"":0.09687871817782223}","{""J_wave"":0.03591104378651661,""J_shape"":0.25950114249087064,""env_err"":0.4981055635233206,""fp_err"":0.5954741650333333,""LERD"":0.0029834655567953176,""LERM"":0.002289910062798347,""LER_err"":0.23246639882176207,""Tend"":399.8}",PASS,metrics computed from 04_current_runs/runs/RUN_0006_FD_HEAVE_HEAVE095_ROLL090_CMP_0612144710/input/qg_r001_center_heave_adcda246.out
RUN_0003_FD_SURGE_SURGE_AF0_N190K_IC178_M105B_T600_0706,SURGE_AF0_N190K_IC178_M105B_T600_0706,FD_SURGE,curated,false,80.385417,82.763612,2.8734799,0.024958295,0.020242479,0.032945088,0.032945088,0.66765095,0.055025094,0.10757534,0.89242466,0.89242466,-23.215405,-20.718,-23.35351,-17.8,-0.05,,0.30149105,0.31867098,0.055025094,"{""Sway"":0.16246636700122233,""Heave"":0.10944138234050726,""Roll"":0.1765439483786571,""Pitch"":0.06032578079343813,""Yaw"":0.1361908908574893}","{""Sway"":0.15896017090110728,""Heave"":0.01968059507325694,""Roll"":0.03291602612100948,""Pitch"":0.10723769417504003,""Yaw"":0.03816688415976064}","{""J_wave"":0.03294508793179637,""J_shape"":0.6676509489009445,""env_err"":0.30149105174496693,""fp_err"":0.055025094095487954,""LERD"":0.005620400769700252,""LERM"":0.0038293421593494506,""LER_err"":0.31867097805666306,""Tend"":599.8}",PASS,metrics computed from 04_current_runs/runs/RUN_0003_FD_SURGE_SURGE_AF0_N190K_IC178_M105B_T600_0706/input/qg_r001_center_surge_9d3daf69.out
RUN_0006_FD_ROLL_HEAVE095_ROLL090_CMP_0612144710,HEAVE095_ROLL090_CMP_0612144710,FD_ROLL,curated,false,31.543425,31.040392,1.6205738,0.02674023,0.02049542,0.043418499,0.043418499,0.93652235,0.24551848,0.19267405,1.1926741,1.1926741,11.95968,14.264,11.97218,16.89,-0.05,,0.18188612,0.030743987,0.24551848,"{""Surge"":0.24034834708123032,""Sway"":0.46687646763627005,""Heave"":0.23685579117490937,""Pitch"":0.15015618866638064,""Yaw"":0.20948037823893564}","{""Surge"":0.13004178340036146,""Sway"":0.2811231135878405,""Heave"":0.032594922860306255,""Pitch"":0.24847735333665472,""Yaw"":0.10705157585119539}","{""J_wave"":0.04341849925363179,""J_shape"":0.9365223472691048,""env_err"":0.181886119477882,""fp_err"":0.2455184834145144,""LERD"":0.006503664007973453,""LERM"":0.006303715446567206,""LER_err"":0.03074398695275639,""Tend"":519.8}",PASS,metrics computed from 04_current_runs/runs/RUN_0006_FD_ROLL_HEAVE095_ROLL090_CMP_0612144710/input/qg_r001_center_roll_38d48f80.out
RUN_0001_FD_SURGE_SURGE_AF0_N190K_IC178_M1125_T600_0706,SURGE_AF0_N190K_IC178_M1125_T600_0706,FD_SURGE,curated,false,85.181111,82.763612,2.9209681,0.019254609,0.020242479,0.046043958,0.046043958,1.0149403,0.08019448,0.090130024,0.90986998,0.90986998,-23.215405,-21.123,-23.35351,-17.8,-0.05,,0.29858332,0.61974627,0.08019448,"{""Sway"":0.13508279874342002,""Heave"":0.012265314287631163,""Roll"":0.18067453045329235,""Pitch"":0.06828514658027734,""Yaw"":0.1697704720399721}","{""Sway"":0.15896017090110728,""Heave"":0.01968059507325694,""Roll"":0.03291602612100948,""Pitch"":0.10723769417504003,""Yaw"":0.03816688415976064}","{""J_wave"":0.04604395767651439,""J_shape"":1.014940277369146,""env_err"":0.2985833214860157,""fp_err"":0.08019448045216347,""LERD"":0.005620400769700252,""LERM"":0.009103623191044576,""LER_err"":0.6197462714976626,""Tend"":599.8}",PASS,metrics computed from 04_current_runs/runs/RUN_0001_FD_SURGE_SURGE_AF0_N190K_IC178_M1125_T600_0706/input/qg_r001_center_surge_9d3daf69.out
RUN_0006_FD_PITCH_HEAVE095_ROLL090_CMP_0612144710,HEAVE095_ROLL090_CMP_0612144710,FD_PITCH,curated,false,30.507999,30.598882,0.29701453,0.020856658,0.025569995,0.014713236,0.014713236,0.20796211,0.15387015,0.16358382,1.1635838,1.1635838,-9.03115,-10.5085,-9.028615,-9.679,-0.05,,0.1346887,0.5981415,0.15387015,"{""Surge"":0.356209322362823,""Sway"":0.14941950599850495,""Heave"":0.2865059624941527,""Roll"":0.3404670086450939,""Yaw"":0.2909548621409635}","{""Surge"":0.3652553627158409,""Sway"":0.11511580438120428,""Heave"":0.09709203619753709,""Roll"":0.24451383619627762,""Yaw"":0.12733165013806358}","{""J_wave"":0.014713235948848635,""J_shape"":0.2079621100897117,""env_err"":0.13468870392701693,""fp_err"":0.153870153609555,""LERD"":0.013125939777430977,""LERM"":0.020977109108013196,""LER_err"":0.5981415017674916,""Tend"":484.68}",PASS,metrics computed from 04_current_runs/runs/RUN_0006_FD_PITCH_HEAVE095_ROLL090_CMP_0612144710/input/qg_r001_center_pitch_e18abe27.out
RUN_0006_FD_YAW_HEAVE095_ROLL090_CMP_0612144710,HEAVE095_ROLL090_CMP_0612144710,FD_YAW,curated,false,50.313075,50.687273,0.73824889,0.022467835,0.024700713,0.027204702,0.027204702,0.54931518,0.20162353,0.19985461,0.80014539,0.80014539,-18.0201,-14.4187,-17.8903,-14.98,-0.05,,0.27050089,0.75605018,0.20162353,"{""Surge"":0.4118261440940836,""Sway"":0.22851825558166444,""Heave"":0.2009042947880548,""Roll"":0.2632192935878376,""Pitch"":0.07801584716959176}","{""Surge"":0.1667131756781034,""Sway"":0.06151291011602063,""Heave"":0.00833951391833249,""Roll"":0.08748756161027149,""Pitch"":0.06650130575791667}","{""J_wave"":0.02720470227598641,""J_shape"":0.5493151763948386,""env_err"":0.2705008927901316,""fp_err"":0.20162353309357162,""LERD"":0.010254479339074602,""LERM"":0.01800738033653799,""LER_err"":0.7560501846174702,""Tend"":628.0}",PASS,metrics computed from 04_current_runs/runs/RUN_0006_FD_YAW_HEAVE095_ROLL090_CMP_0612144710/input/qg_r001_center_yaw_fe6ed2b1.out
RUN_0001_FD_SURGE_SURGE_AF0_N190K_IC178_M1085_T600_0706,SURGE_AF0_N190K_IC178_M1085_T600_0706,FD_SURGE,curated,false,82.1,82.763612,0.80181662,0.01739059,0.020242479,0.039240463,0.039240463,0.85595228,0.10200351,0.093877535,0.90612246,0.90612246,-23.215405,-21.036,-23.35351,-17.8,-0.05,,0.31082493,0.57381773,0.10200351,"{""Sway"":0.08395512260258145,""Heave"":0.07642545711024494,""Roll"":0.18045071691253226,""Pitch"":0.05617129223935862,""Yaw"":0.11951798686285539}","{""Sway"":0.15896017090110728,""Heave"":0.01968059507325694,""Roll"":0.03291602612100948,""Pitch"":0.10723769417504003,""Yaw"":0.03816688415976064}","{""J_wave"":0.03924046288187631,""J_shape"":0.8559522832099546,""env_err"":0.3108249326356001,""fp_err"":0.10200350645846724,""LERD"":0.005620400769700252,""LERM"":0.008845486354716537,""LER_err"":0.5738177253129026,""Tend"":599.8}",PASS,metrics computed from 04_current_runs/runs/RUN_0001_FD_SURGE_SURGE_AF0_N190K_IC178_M1085_T600_0706/input/qg_r001_center_surge_9d3daf69.out
RUN_0001_FD_SURGE_SURGE_AF0_N190K_IC185_M105B_T600_0706,SURGE_AF0_N190K_IC185_M105B_T600_0706,FD_SURGE,curated,false,78.021753,82.763612,5.7294009,0.019717717,0.020242479,0.039947273,0.039947273,0.92758997,0.026220186,0.071995513,0.92800449,0.92800449,-23.215405,-21.544,-23.35351,-18.5,-0.05,,0.30332077,0.50045639,0.026220186,"{""Sway"":0.1304556323938238,""Heave"":0.10680327164984564,""Roll"":0.1752637086478219,""Pitch"":0.058197620718675146,""Yaw"":0.11506714588283241}","{""Sway"":0.15896017090110728,""Heave"":0.01968059507325694,""Roll"":0.03291602612100948,""Pitch"":0.10723769417504003,""Yaw"":0.03816688415976064}","{""J_wave"":0.039947272658678,""J_shape"":0.9275899698527784,""env_err"":0.3033207744020499,""fp_err"":0.026220186179305147,""LERD"":0.005620400769700252,""LERM"":0.0028076352643128834,""LER_err"":0.5004563945957504,""Tend"":599.8}",PASS,metrics computed from 04_current_runs/runs/RUN_0001_FD_SURGE_SURGE_AF0_N190K_IC185_M105B_T600_0706/input/qg_r001_center_surge_9d3daf69.out
RUN_0001_FD_SURGE_SURGE_AF0_N190K_IC178_M105B_BQ085_T600_0706,SURGE_AF0_N190K_IC178_M105B_BQ085_T600_0706,FD_SURGE,curated,false,84.233333,82.763612,1.7758057,0.029995594,0.020242479,0.032885817,0.032885817,0.72348144,0.10222278,0.10697229,0.89302771,0.89302771,-23.215405,-20.732,-23.35351,-17.8,-0.05,,0.26606382,0.51671037,0.10222278,"{""Sway"":0.08000703335538106,""Heave"":0.10521006038810532,""Roll"":0.1723002869700966,""Pitch"":0.07018764774602486,""Yaw"":0.10380049729539136}","{""Sway"":0.15896017090110728,""Heave"":0.01968059507325694,""Roll"":0.03291602612100948,""Pitch"":0.10723769417504003,""Yaw"":0.03816688415976064}","{""J_wave"":0.03288581659030989,""J_shape"":0.723481435506552,""env_err"":0.26606381603410956,""fp_err"":0.10222277538560136,""LERD"":0.005620400769700252,""LERM"":0.0027162814191243907,""LER_err"":0.516710368099025,""Tend"":599.8}",PASS,metrics computed from 04_current_runs/runs/RUN_0001_FD_SURGE_SURGE_AF0_N190K_IC178_M105B_BQ085_T600_0706/input/qg_r001_center_surge_9d3daf69.out
RUN_0001_FD_SURGE_SURGE_AF0_N190K_IC178_M105B_BQ090_T600_0706,SURGE_AF0_N190K_IC178_M105B_BQ090_T600_0706,FD_SURGE,curated,false,87.059524,82.763612,5.1905799,0.024686611,0.020242479,0.03304868,0.03304868,0.63728612,0.10473345,0.11171052,0.88828948,0.88828948,-23.215405,-20.622,-23.35351,-17.8,-0.05,,0.28097161,0.37967044,0.10473345,"{""Sway"":0.11634326409551607,""Heave"":0.1088236277427385,""Roll"":0.17776978383613565,""Pitch"":0.05533483073780651,""Yaw"":0.09213676410480419}","{""Sway"":0.15896017090110728,""Heave"":0.01968059507325694,""Roll"":0.03291602612100948,""Pitch"":0.10723769417504003,""Yaw"":0.03816688415976064}","{""J_wave"":0.03304868035281263,""J_shape"":0.6372861246921664,""env_err"":0.2809716086149135,""fp_err"":0.10473344541949284,""LERD"":0.005620400769700252,""LERM"":0.003486500713438368,""LER_err"":0.379670444101745,""Tend"":599.8}",PASS,metrics computed from 04_current_runs/runs/RUN_0001_FD_SURGE_SURGE_AF0_N190K_IC178_M105B_BQ090_T600_0706/input/qg_r001_center_surge_9d3daf69.out
RUN_0007_FD_SURGE_HEAVE095_ROLL090_CMP_0612144710,HEAVE095_ROLL090_CMP_0612144710,FD_SURGE,curated,false,82.225,82.763612,0.65078407,0.010871949,0.020242479,0.050632098,0.050632098,0.95288635,0.30223682,0.32811855,0.67188145,0.67188145,-23.215405,-15.598,-23.35351,-13.62,-0.05,,0.41243468,0.12985051,0.30223682,"{""Sway"":0.22588017452773052,""Heave"":0.18582662348282744,""Roll"":0.23963936997632412,""Pitch"":0.0944401418286636,""Yaw"":0.20640734371199632}","{""Sway"":0.15896017090110728,""Heave"":0.01968059507325694,""Roll"":0.03291602612100948,""Pitch"":0.10723769417504003,""Yaw"":0.03816688415976064}","{""J_wave"":0.05063209750784892,""J_shape"":0.9528863462184654,""env_err"":0.4124346762157335,""fp_err"":0.3022368159690829,""LERD"":0.003995852928715648,""LERM"":0.003476989376440771,""LER_err"":0.12985051290204785,""Tend"":740.9499999999999}",PASS,metrics computed from 04_current_runs/runs/RUN_0007_FD_SURGE_HEAVE095_ROLL090_CMP_0612144710/input/qg_r001_center_surge_9d3daf69.out
RUN_0001_FD_SURGE_SURGE_AF0_N190K_IC178_M105B_BQ080_T600_0706,SURGE_AF0_N190K_IC178_M105B_BQ080_T600_0706,FD_SURGE,curated,false,85.166079,82.763612,2.9028048,0.02937725,0.020242479,0.03067862,0.03067862,0.62639304,0.055814559,0.10512007,0.89487993,0.89487993,-23.215405,-20.775,-23.35351,-17.8,-0.05,,0.28693282,0.31059441,0.055814559,"{""Sway"":0.12646733406034075,""Heave"":0.10660445770921337,""Roll"":0.17867237956121954,""Pitch"":0.05591426751475882,""Yaw"":0.1462964291339239}","{""Sway"":0.15896017090110728,""Heave"":0.01968059507325694,""Roll"":0.03291602612100948,""Pitch"":0.10723769417504003,""Yaw"":0.03816688415976064}","{""J_wave"":0.030678620007534067,""J_shape"":0.6263930421910372,""env_err"":0.28693282078386595,""fp_err"":0.05581455900776699,""LERD"":0.005620400769700252,""LERM"":0.007366065813737214,""LER_err"":0.31059440697679325,""Tend"":599.8}",PASS,metrics computed from 04_current_runs/runs/RUN_0001_FD_SURGE_SURGE_AF0_N190K_IC178_M105B_BQ080_T600_0706/input/qg_r001_center_surge_9d3daf69.out
RUN_0001_FD_SURGE_SURGE_AF0_N190K_IC178_M105B_BQ078_T600_0706,SURGE_AF0_N190K_IC178_M105B_BQ078_T600_0706,FD_SURGE,curated,false,79.886667,82.763612,3.4760998,0.029844802,0.020242479,0.023434935,0.023434935,0.41636558,0.07441318,0.11472576,0.88527424,0.88527424,-23.215405,-20.552,-23.35351,-17.8,-0.05,,0.25063556,0.30134984,0.07441318,"{""Sway"":0.188473669462884,""Heave"":0.10276796535387968,""Roll"":0.17174525778921157,""Pitch"":0.0465937441503647,""Yaw"":0.11285689897168796}","{""Sway"":0.15896017090110728,""Heave"":0.01968059507325694,""Roll"":0.03291602612100948,""Pitch"":0.10723769417504003,""Yaw"":0.03816688415976064}","{""J_wave"":0.02343493513905653,""J_shape"":0.41636557725983686,""env_err"":0.2506355563624193,""fp_err"":0.07441318007863254,""LERD"":0.005620400769700252,""LERM"":0.007314107658886799,""LER_err"":0.3013498429360005,""Tend"":599.8}",PASS,metrics computed from 04_current_runs/runs/RUN_0001_FD_SURGE_SURGE_AF0_N190K_IC178_M105B_BQ078_T600_0706/input/qg_r001_center_surge_9d3daf69.out
RUN_0001_FD_SURGE_SURGE_AF0_N190K_IC178_M105B_BQ0795_T600_0706,SURGE_AF0_N190K_IC178_M105B_BQ0795_T600_0706,FD_SURGE,curated,false,85.037643,82.763612,2.7476211,0.036663596,0.020242479,0.029511701,0.029511701,0.62807372,0.079729527,0.1163626,0.8836374,0.8836374,-23.215405,-20.514,-23.35351,-17.8,-0.05,,0.25085431,0.36667187,0.079729527,"{""Sway"":0.08491260813441599,""Heave"":0.10269936642650228,""Roll"":0.1664483274265901,""Pitch"":0.05879316993079684,""Yaw"":0.14347347031785765}","{""Sway"":0.15896017090110728,""Heave"":0.01968059507325694,""Roll"":0.03291602612100948,""Pitch"":0.10723769417504003,""Yaw"":0.03816688415976064}","{""J_wave"":0.029511700514018056,""J_shape"":0.6280737162987231,""env_err"":0.2508543086819193,""fp_err"":0.07972952709829971,""LERD"":0.005620400769700252,""LERM"":0.007681243603839784,""LER_err"":0.3666718653320235,""Tend"":599.8}",PASS,metrics computed from 04_current_runs/runs/RUN_0001_FD_SURGE_SURGE_AF0_N190K_IC178_M105B_BQ0795_T600_0706/input/qg_r001_center_surge_9d3daf69.out
RUN_0001_FD_SURGE_SURGE_AF0_N190K_IC178_M105B_BQ079_T600_0706,SURGE_AF0_N190K_IC178_M105B_BQ079_T600_0706,FD_SURGE,curated,false,82.524048,82.763612,0.28945665,0.029010605,0.020242479,0.030759186,0.030759186,0.69975782,0.084198268,0.10654154,0.89345846,0.89345846,-23.215405,-20.742,-23.35351,-17.8,-0.05,,0.25764879,0.85100494,0.084198268,"{""Sway"":0.16312588563113417,""Heave"":0.10324174260350741,""Roll"":0.17223070081926523,""Pitch"":0.05998504743223292,""Yaw"":0.16670245472450598}","{""Sway"":0.15896017090110728,""Heave"":0.01968059507325694,""Roll"":0.03291602612100948,""Pitch"":0.10723769417504003,""Yaw"":0.03816688415976064}","{""J_wave"":0.030759186487894313,""J_shape"":0.6997578212738831,""env_err"":0.25764879176326416,""fp_err"":0.08419826825565305,""LERD"":0.005620400769700252,""LERM"":0.0008374119535271582,""LER_err"":0.851004939355629,""Tend"":599.8}",PASS,metrics computed from 04_current_runs/runs/RUN_0001_FD_SURGE_SURGE_AF0_N190K_IC178_M105B_BQ079_T600_0706/input/qg_r001_center_surge_9d3daf69.out
RUN_0001_FD_HEAVE_HEAVE_AF0_N20M_IC83_BL100_BQ125_T600_0706,HEAVE_AF0_N20M_IC83_BL100_BQ125_T600_0706,FD_HEAVE,curated,false,20.916112,20.719426,0.94928628,0.001347123,0.0063011469,0.027195515,0.027195515,0.33546878,0.048828378,0.0041789856,1.004179,1.004179,-8.2867,-8.32133,-8.2962,-8.3,-0.05,,0.39573973,0.10367739,0.048828378,"{""Surge"":0.5346602625216917,""Sway"":0.4513645023367641,""Roll"":0.9984137361924782,""Pitch"":0.6201339450969279,""Yaw"":0.5137383605862299}","{""Surge"":0.694133163574395,""Sway"":0.3830351608671329,""Roll"":0.23088104002761986,""Pitch"":0.08142292151490593,""Yaw"":0.09687871817782223}","{""J_wave"":0.027195514968244468,""J_shape"":0.3354687808791781,""env_err"":0.39573972534466023,""fp_err"":0.04882837812145438,""LERD"":0.002003839225521178,""LERM"":0.0017960864074595866,""LER_err"":0.10367738859266867,""Tend"":481.07000000000005}",PASS,metrics computed from 04_current_runs/runs/RUN_0001_FD_HEAVE_HEAVE_AF0_N20M_IC83_BL100_BQ125_T600_0706/input/qg_r001_center_heave_adcda246.out
RUN_0001_FD_HEAVE_HEAVE_AF0_N20M_IC83_BL100_BQ110_T600_0706,HEAVE_AF0_N20M_IC83_BL100_BQ110_T600_0706,FD_HEAVE,curated,false,20.930399,20.719426,1.0182374,0.0013815725,0.0063011469,0.024199543,0.024199543,0.296478,0.042865516,0.0041451965,1.0041452,1.0041452,-8.2867,-8.32105,-8.2962,-8.3,-0.05,,0.36682852,0.12584572,0.042865516,"{""Surge"":0.8976842871407255,""Sway"":0.4830832909041153,""Roll"":0.9758317406962709,""Pitch"":0.5456922895177319,""Yaw"":0.3488855362475655}","{""Surge"":0.694133163574395,""Sway"":0.3830351608671329,""Roll"":0.23088104002761986,""Pitch"":0.08142292151490593,""Yaw"":0.09687871817782223}","{""J_wave"":0.024199543060394686,""J_shape"":0.2964779988883514,""env_err"":0.3668285239788438,""fp_err"":0.04286551625830981,""LERD"":0.002003839225521178,""LERM"":0.0017516646357033658,""LER_err"":0.12584571985919887,""Tend"":481.07000000000005}",PASS,metrics computed from 04_current_runs/runs/RUN_0001_FD_HEAVE_HEAVE_AF0_N20M_IC83_BL100_BQ110_T600_0706/input/qg_r001_center_heave_adcda246.out
RUN_0002_FD_SURGE_SURGE_AF0_N190K_IC178_M105B_BQ080_T600_0706,SURGE_AF0_N190K_IC178_M105B_BQ080_T600_0706,FD_SURGE,curated,false,85.166079,82.763612,2.9028048,0.02937725,0.020242479,0.03067862,0.03067862,0.62639304,0.055814559,0.10512007,0.89487993,0.89487993,-23.215405,-20.775,-23.35351,-17.8,-0.05,,0.28693282,0.31059441,0.055814559,"{""Sway"":0.12646733406034075,""Heave"":0.10660445770921337,""Roll"":0.17867237956121954,""Pitch"":0.05591426751475882,""Yaw"":0.1462964291339239}","{""Sway"":0.15896017090110728,""Heave"":0.01968059507325694,""Roll"":0.03291602612100948,""Pitch"":0.10723769417504003,""Yaw"":0.03816688415976064}","{""J_wave"":0.030678620007534067,""J_shape"":0.6263930421910372,""env_err"":0.28693282078386595,""fp_err"":0.05581455900776699,""LERD"":0.005620400769700252,""LERM"":0.007366065813737214,""LER_err"":0.31059440697679325,""Tend"":599.8}",PASS,metrics computed from 04_current_runs/runs/RUN_0002_FD_SURGE_SURGE_AF0_N190K_IC178_M105B_BQ080_T600_0706/input/qg_r001_center_surge_9d3daf69.out
RUN_0003_FD_SURGE_SURGE_AF0_N190K_IC178_M105B_BQ080_T600_0706,SURGE_AF0_N190K_IC178_M105B_BQ080_T600_0706,FD_SURGE,curated,false,85.166079,82.763612,2.9028048,0.02937725,0.020242479,0.03067862,0.03067862,0.62639304,0.055814559,0.10512007,0.89487993,0.89487993,-23.215405,-20.775,-23.35351,-17.8,-0.05,,0.28693282,0.31059441,0.055814559,"{""Sway"":0.12646733406034075,""Heave"":0.10660445770921337,""Roll"":0.17867237956121954,""Pitch"":0.05591426751475882,""Yaw"":0.1462964291339239}","{""Sway"":0.15896017090110728,""Heave"":0.01968059507325694,""Roll"":0.03291602612100948,""Pitch"":0.10723769417504003,""Yaw"":0.03816688415976064}","{""J_wave"":0.030678620007534067,""J_shape"":0.6263930421910372,""env_err"":0.28693282078386595,""fp_err"":0.05581455900776699,""LERD"":0.005620400769700252,""LERM"":0.007366065813737214,""LER_err"":0.31059440697679325,""Tend"":599.8}",PASS,metrics computed from 04_current_runs/runs/RUN_0003_FD_SURGE_SURGE_AF0_N190K_IC178_M105B_BQ080_T600_0706/input/qg_r001_center_surge_9d3daf69.out
RUN_0001_FD_SURGE_COMBO_SURGE_BQ080_HEAVE_BQ095_T600_0706,COMBO_SURGE_BQ080_HEAVE_BQ095_T600_0706,FD_SURGE,curated,false,75.915584,82.763612,8.2742014,0.024364231,0.020242479,0.032040351,0.032040351,0.76806469,0.097319798,0.11334737,0.88665263,0.88665263,-23.215405,-20.584,-23.35351,-17.8,-0.05,,0.25427,0.23903377,0.097319798,"{""Sway"":0.12742699190829884,""Heave"":0.15896646566452133,""Roll"":0.17506091014935884,""Pitch"":0.06110609190303328,""Yaw"":0.10565416209830908}","{""Sway"":0.15896017090110728,""Heave"":0.01968059507325694,""Roll"":0.03291602612100948,""Pitch"":0.10723769417504003,""Yaw"":0.03816688415976064}","{""J_wave"":0.032040350763208755,""J_shape"":0.7680646938360451,""env_err"":0.25427000375250175,""fp_err"":0.09731979827784495,""LERD"":0.005620400769700252,""LERM"":0.004276935184860276,""LER_err"":0.23903376999068082,""Tend"":599.8}",PASS,metrics computed from 04_current_runs/runs/RUN_0001_FD_SURGE_COMBO_SURGE_BQ080_HEAVE_BQ095_T600_0706/input/qg_r001_center_surge_9d3daf69.out
RUN_0001_FD_SWAY_COMBO_SURGE_BQ080_HEAVE_BQ095_T600_0706,COMBO_SURGE_BQ080_HEAVE_BQ095_T600_0706,FD_SWAY,curated,false,85.644497,79.430459,7.8232439,0.025199968,0.023182848,0.18751442,0.18751442,1.5052795,0.95793053,0.93621401,0.063785995,-0.063785995,-15.1099,0.9638,-15.02749,0,257.7,,0.87802832,10.93356,0.95793053,"{""Surge"":1.247740777533659,""Heave"":0.116809941338804,""Roll"":0.2825758754901924,""Pitch"":0.22241998612470104,""Yaw"":1.1716763320547336}","{""Surge"":0.09911156186697814,""Heave"":0.018040555839837675,""Roll"":0.11940848210435888,""Pitch"":0.0384504331662194,""Yaw"":0.1166189583607766}","{""J_wave"":0.1875144228675801,""J_shape"":1.5052794940334937,""env_err"":0.8780283220408098,""fp_err"":0.9579305283160234,""LERD"":0.03826320882617066,""LERM"":0.4566162848105528,""LER_err"":10.933559646943245,""Tend"":342.05}",PASS,metrics computed from 04_current_runs/runs/RUN_0001_FD_SWAY_COMBO_SURGE_BQ080_HEAVE_BQ095_T600_0706/input/qg_r001_center_sway_ac064de6.out
RUN_0001_FD_HEAVE_COMBO_SURGE_BQ080_HEAVE_BQ095_T600_0706,COMBO_SURGE_BQ080_HEAVE_BQ095_T600_0706,FD_HEAVE,curated,false,21.133333,20.719426,1.9976794,0.0036724761,0.0063011469,0.027450967,0.027450967,0.39362706,0.22260723,0.23721144,0.76278856,0.76278856,-8.2867,-6.321,-8.2962,-8.3,-0.05,,0.40263228,0.062801586,0.22260723,"{""Surge"":6.4017623235524255,""Sway"":0.590618689052767,""Roll"":1.0587608519577354,""Pitch"":0.33405822096396826,""Yaw"":1.1419671945769723}","{""Surge"":0.694133163574395,""Sway"":0.3830351608671329,""Roll"":0.23088104002761986,""Pitch"":0.08142292151490593,""Yaw"":0.09687871817782223}","{""J_wave"":0.02745096731145268,""J_shape"":0.39362706341715636,""env_err"":0.4026322805932429,""fp_err"":0.22260722720331141,""LERD"":0.002003839225521178,""LERM"":0.0021296835061459757,""LER_err"":0.06280158558732019,""Tend"":481.07000000000005}",PASS,metrics computed from 04_current_runs/runs/RUN_0001_FD_HEAVE_COMBO_SURGE_BQ080_HEAVE_BQ095_T600_0706/input/qg_r001_center_heave_adcda246.out
RUN_0001_FD_ROLL_COMBO_SURGE_BQ080_HEAVE_BQ095_T600_0706,COMBO_SURGE_BQ080_HEAVE_BQ095_T600_0706,FD_ROLL,curated,false,30.311538,31.040392,2.3480824,0.018598572,0.02049542,0.12841387,0.12841387,1.6104223,0.78625461,0.79230799,0.20769201,-0.20769201,11.95968,-2.48393,11.97218,0,-0.05,,0.7422333,5.3553385,0.78625461,"{""Surge"":6.002121189093893,""Sway"":0.5587985987454382,""Heave"":0.934436428754017,""Pitch"":0.4705111407748399,""Yaw"":0.6245836372985325}","{""Surge"":0.13004178340036146,""Sway"":0.2811231135878405,""Heave"":0.032594922860306255,""Pitch"":0.24847735333665472,""Yaw"":0.10705157585119539}","{""J_wave"":0.12841386568778834,""J_shape"":1.6104222888309325,""env_err"":0.7422332950484997,""fp_err"":0.7862546093443747,""LERD"":0.003845088241676106,""LERM"":0.02443683732372654,""LER_err"":5.355338496230276,""Tend"":599.8}",PASS,metrics computed from 04_current_runs/runs/RUN_0001_FD_ROLL_COMBO_SURGE_BQ080_HEAVE_BQ095_T600_0706/input/qg_r001_center_roll_38d48f80.out
RUN_0001_FD_PITCH_COMBO_SURGE_BQ080_HEAVE_BQ095_T600_0706,COMBO_SURGE_BQ080_HEAVE_BQ095_T600_0706,FD_PITCH,curated,false,29.925,30.598882,2.2023104,0.006734885,0.025569995,0.12493089,0.12493089,1.297179,0.86530222,0.88729575,0.11270425,0.11270425,-9.03115,-1.017849,-9.028615,0,-0.05,,0.89815533,8.1542602,0.86530222,"{""Surge"":17.816020259683565,""Sway"":1.7823268505260286,""Heave"":2.790569259159611,""Roll"":3.0675259403404502,""Yaw"":2.27151170976248}","{""Surge"":0.3652553627158409,""Sway"":0.11511580438120428,""Heave"":0.09709203619753709,""Roll"":0.24451383619627762,""Yaw"":0.12733165013806358}","{""J_wave"":0.12493089200544832,""J_shape"":1.2971790001513428,""env_err"":0.8981553326408063,""fp_err"":0.8653022245503902,""LERD"":0.013125939777430977,""LERM"":0.12015826797079403,""LER_err"":8.15426019075577,""Tend"":484.68}",PASS,metrics computed from 04_current_runs/runs/RUN_0001_FD_PITCH_COMBO_SURGE_BQ080_HEAVE_BQ095_T600_0706/input/qg_r001_center_pitch_e18abe27.out
RUN_0001_FD_YAW_COMBO_SURGE_BQ080_HEAVE_BQ095_T600_0706,COMBO_SURGE_BQ080_HEAVE_BQ095_T600_0706,FD_YAW,curated,false,47.067846,50.687273,7.1407021,0.012332756,0.024700713,0.10680172,0.10680172,0.97980854,0.95749929,0.99733631,0.0026636922,-0.0026636922,-18.0201,0.048,-17.8903,0,58.5,,0.89383165,18.587134,0.95749929,"{""Surge"":4.489101678001495,""Sway"":1.71031454645251,""Heave"":0.5174800208323564,""Roll"":1.3955494165434252,""Pitch"":0.5352582249032869}","{""Surge"":0.1667131756781034,""Sway"":0.06151291011602063,""Heave"":0.00833951391833249,""Roll"":0.08748756161027149,""Pitch"":0.06650130575791667}","{""J_wave"":0.1068017190006245,""J_shape"":0.9798085394587596,""env_err"":0.8938316508101654,""fp_err"":0.9574992894894889,""LERD"":0.013371024159865878,""LERM"":0.2619000394809007,""LER_err"":18.587133816346924,""Tend"":541.25}",PASS,metrics computed from 04_current_runs/runs/RUN_0001_FD_YAW_COMBO_SURGE_BQ080_HEAVE_BQ095_T600_0706/input/qg_r001_center_yaw_fe6ed2b1.out
RUN_0001_FD_SURGE_COMBO_SURGE_BQ080_HEAVE_BQ095_DOFIC_T600_0706,COMBO_SURGE_BQ080_HEAVE_BQ095_DOFIC_T600_0706,FD_SURGE,curated,false,84.45,82.763612,2.0375954,0.025450343,0.020242479,0.034167903,0.034167903,0.83122149,0.098515609,0.11059058,0.88940942,0.88940942,-23.215405,-20.648,-23.35351,-17.8,-0.05,,0.28822265,0.75313053,0.098515609,"{""Sway"":0.0820044004594168,""Heave"":0.08637330916220994,""Roll"":0.1850512323419474,""Pitch"":0.06156023453606316,""Yaw"":0.13025983675081845}","{""Sway"":0.15896017090110728,""Heave"":0.01968059507325694,""Roll"":0.03291602612100948,""Pitch"":0.10723769417504003,""Yaw"":0.03816688415976064}","{""J_wave"":0.03416790296963583,""J_shape"":0.831221485288593,""env_err"":0.28822264616211485,""fp_err"":0.0985156088078701,""LERD"":0.005620400769700252,""LERM"":0.0013875053676480572,""LER_err"":0.7531305284975156,""Tend"":599.8}",PASS,metrics computed from 04_current_runs/runs/RUN_0001_FD_SURGE_COMBO_SURGE_BQ080_HEAVE_BQ095_DOFIC_T600_0706/input/qg_r001_center_surge_9d3daf69.out
RUN_0001_FD_SWAY_COMBO_SURGE_BQ080_HEAVE_BQ095_DOFIC_T600_0706,COMBO_SURGE_BQ080_HEAVE_BQ095_DOFIC_T600_0706,FD_SWAY,curated,false,82.460339,79.430459,3.8145073,0.035698887,0.023182848,0.067996511,0.067996511,1.2594558,0.013743992,0.009655921,0.99034408,0.99034408,-15.1099,-14.964,-15.02749,-12.09,-0.05,,0.25387222,0.15343436,0.013743992,"{""Surge"":0.26035983086930664,""Heave"":0.10860351719304302,""Roll"":0.2501334751501337,""Pitch"":0.16640192401161658,""Yaw"":0.38231927967439805}","{""Surge"":0.09911156186697814,""Heave"":0.018040555839837675,""Roll"":0.11940848210435888,""Pitch"":0.0384504331662194,""Yaw"":0.1166189583607766}","{""J_wave"":0.06799651062371455,""J_shape"":1.2594558456535352,""env_err"":0.2538722224562892,""fp_err"":0.013743992143358951,""LERD"":0.018176532497842346,""LERM"":0.01538762780992813,""LER_err"":0.1534343631407846,""Tend"":599.8}",PASS,metrics computed from 04_current_runs/runs/RUN_0001_FD_SWAY_COMBO_SURGE_BQ080_HEAVE_BQ095_DOFIC_T600_0706/input/qg_r001_center_sway_ac064de6.out
RUN_0001_FD_HEAVE_COMBO_SURGE_BQ080_HEAVE_BQ095_DOFIC_T600_0706,COMBO_SURGE_BQ080_HEAVE_BQ095_DOFIC_T600_0706,FD_HEAVE,curated,false,21.08708,20.719426,1.774442,0.0037035184,0.0063011469,0.027501999,0.027501999,0.42869749,0.2197235,0.23769414,0.76230586,0.76230586,-8.2867,-6.317,-8.2962,-8.3,-0.05,,0.40233482,0.88768727,0.2197235,"{""Surge"":0.7351731839785964,""Sway"":0.5372563649877712,""Roll"":1.1357392538191309,""Pitch"":0.6707058499216071,""Yaw"":0.49692891929125266}","{""Surge"":0.694133163574395,""Sway"":0.3830351608671329,""Roll"":0.23088104002761986,""Pitch"":0.08142292151490593,""Yaw"":0.09687871817782223}","{""J_wave"":0.027501998725756645,""J_shape"":0.4286974873575247,""env_err"":0.40233482387097036,""fp_err"":0.2197234978223197,""LERD"":0.002003839225521178,""LERM"":0.003782621800196203,""LER_err"":0.8876872715236832,""Tend"":481.07000000000005}",PASS,metrics computed from 04_current_runs/runs/RUN_0001_FD_HEAVE_COMBO_SURGE_BQ080_HEAVE_BQ095_DOFIC_T600_0706/input/qg_r001_center_heave_adcda246.out
RUN_0001_FD_ROLL_COMBO_SURGE_BQ080_HEAVE_BQ095_DOFIC_T600_0706,COMBO_SURGE_BQ080_HEAVE_BQ095_DOFIC_T600_0706,FD_ROLL,curated,false,31.109141,31.040392,0.22148225,0.018854633,0.02049542,0.019574907,0.019574907,0.1221143,0.22851009,0.18866057,1.1886606,1.1886606,11.95968,14.216,11.97218,16.89,-0.05,,0.21336275,0.092143247,0.22851009,"{""Surge"":0.30406207971677046,""Sway"":0.5804387179337184,""Heave"":0.15214842049765995,""Pitch"":0.17144130592905896,""Yaw"":0.13910119189238881}","{""Surge"":0.13004178340036146,""Sway"":0.2811231135878405,""Heave"":0.032594922860306255,""Pitch"":0.24847735333665472,""Yaw"":0.10705157585119539}","{""J_wave"":0.019574907313553117,""J_shape"":0.12211430486046504,""env_err"":0.21336275420129602,""fp_err"":0.2285100920593897,""LERD"":0.003845088241676106,""LERM"":0.003490789326126272,""LER_err"":0.09214324698966916,""Tend"":599.8}",PASS,metrics computed from 04_current_runs/runs/RUN_0001_FD_ROLL_COMBO_SURGE_BQ080_HEAVE_BQ095_DOFIC_T600_0706/input/qg_r001_center_roll_38d48f80.out
RUN_0001_FD_PITCH_COMBO_SURGE_BQ080_HEAVE_BQ095_DOFIC_T600_0706,COMBO_SURGE_BQ080_HEAVE_BQ095_DOFIC_T600_0706,FD_PITCH,curated,false,30.169048,30.598882,1.40474,0.021031349,0.025569995,0.045303574,0.045303574,0.81471607,0.19890237,0.18700276,1.1870028,1.1870028,-9.03115,-10.72,-9.028615,-9.679,-0.05,,0.13888729,0.071535944,0.19890237,"{""Surge"":0.5760771870056525,""Sway"":0.11967713463561826,""Heave"":0.1640915020312229,""Roll"":0.3543142214837421,""Yaw"":0.24342389921326646}","{""Surge"":0.3652553627158409,""Sway"":0.11511580438120428,""Heave"":0.09709203619753709,""Roll"":0.24451383619627762,""Yaw"":0.12733165013806358}","{""J_wave"":0.045303573650219,""J_shape"":0.8147160652647828,""env_err"":0.13888729004815312,""fp_err"":0.19890237271608205,""LERD"":0.013125939777430977,""LERM"":0.014064916275824879,""LER_err"":0.07153594442116809,""Tend"":484.68}",PASS,metrics computed from 04_current_runs/runs/RUN_0001_FD_PITCH_COMBO_SURGE_BQ080_HEAVE_BQ095_DOFIC_T600_0706/input/qg_r001_center_pitch_e18abe27.out
RUN_0001_FD_YAW_COMBO_SURGE_BQ080_HEAVE_BQ095_DOFIC_T600_0706,COMBO_SURGE_BQ080_HEAVE_BQ095_DOFIC_T600_0706,FD_YAW,curated,false,51.109973,50.687273,0.83393661,0.021402881,0.024700713,0.027365026,0.027365026,0.4863774,0.18584621,0.20488233,0.79511767,0.79511767,-18.0201,-14.3281,-17.8903,-15.05,-0.05,,0.24014113,2.0002233,0.18584621,"{""Surge"":0.5275785666255495,""Sway"":0.23844763988199796,""Heave"":0.11732540192367744,""Roll"":0.2670170786124207,""Pitch"":0.09550691372862354}","{""Surge"":0.1667131756781034,""Sway"":0.06151291011602063,""Heave"":0.00833951391833249,""Roll"":0.08748756161027149,""Pitch"":0.06650130575791667}","{""J_wave"":0.02736502571162763,""J_shape"":0.48637740102591853,""env_err"":0.24014113052319405,""fp_err"":0.18584621101837126,""LERD"":0.011551298356478529,""LERM"":0.03465647424358847,""LER_err"":2.0002232800221487,""Tend"":599.8}",PASS,metrics computed from 04_current_runs/runs/RUN_0001_FD_YAW_COMBO_SURGE_BQ080_HEAVE_BQ095_DOFIC_T600_0706/input/qg_r001_center_yaw_fe6ed2b1.out
RUN_0001_FD_SURGE_COMBO_SURGE_BQ080_HEAVE_BQ095_NOMASS_DOFIC_T600_0706,COMBO_SURGE_BQ080_HEAVE_BQ095_NOMASS_DOFIC_T600_0706,FD_SURGE,curated,false,36.009635,82.763612,56.490982,0.0086345179,0.020242479,0.061964249,0.061964249,0.82582457,0.34419167,0.34472993,1.3447299,1.3447299,-23.215405,-31.21845,-23.35351,-17.8,0,,0.50708766,0.96608375,0.34419167,"{""Sway"":0.08322819150809138,""Heave"":0.08796762362279466,""Roll"":0.011551853328044167,""Pitch"":0.262825366469366,""Yaw"":0.03895444974920361}","{""Sway"":0.15896017090110728,""Heave"":0.01968059507325694,""Roll"":0.03291602612100948,""Pitch"":0.10723769417504003,""Yaw"":0.03816688415976064}","{""J_wave"":0.06196424941663,""J_shape"":0.8258245682335862,""env_err"":0.5070876644282857,""fp_err"":0.34419166511090854,""LERD"":0.005626997550434242,""LERM"":0.00019084665720621013,""LER_err"":0.9660837497269779,""Tend"":599.75}",PASS,metrics computed from 04_current_runs/runs/RUN_0001_FD_SURGE_COMBO_SURGE_BQ080_HEAVE_BQ095_NOMASS_DOFIC_T600_0706/input/OpenFAST_input_files/IEA-15-240-RWT-UMaineSemi.out
RUN_0001_FD_SWAY_COMBO_SURGE_BQ080_HEAVE_BQ095_NOMASS_DOFIC_T600_0706,COMBO_SURGE_BQ080_HEAVE_BQ095_NOMASS_DOFIC_T600_0706,FD_SWAY,curated,false,76.849833,79.430459,3.2489121,0.0095693919,0.023182848,0.13110885,0.13110885,0.69513792,0.96989317,0.95305944,0.046940562,0.046940562,-15.1099,-0.7092672,-15.02749,0,76.5875,,0.92756623,18.092251,0.96989317,"{""Surge"":3.384087375362255,""Heave"":0.4995634244751557,""Roll"":0.12333921313729238,""Pitch"":1.7231070032263986,""Yaw"":0.2654697141686543}","{""Surge"":0.09911156186697814,""Heave"":0.018040555839837675,""Roll"":0.11940848210435888,""Pitch"":0.0384504331662194,""Yaw"":0.1166189583607766}","{""J_wave"":0.13110885059591287,""J_shape"":0.6951379207355577,""env_err"":0.9275662345563329,""fp_err"":0.9698931718735795,""LERD"":0.025101366049566268,""LERM"":0.4792415823711001,""LER_err"":18.09225105218451,""Tend"":523.1625}",PASS,metrics computed from 04_current_runs/runs/RUN_0001_FD_SWAY_COMBO_SURGE_BQ080_HEAVE_BQ095_NOMASS_DOFIC_T600_0706/input/OpenFAST_input_files/IEA-15-240-RWT-UMaineSemi.out
RUN_0001_FD_HEAVE_COMBO_SURGE_BQ080_HEAVE_BQ095_NOMASS_DOFIC_T600_0706,COMBO_SURGE_BQ080_HEAVE_BQ095_NOMASS_DOFIC_T600_0706,FD_HEAVE,curated,false,13.83404,20.719426,33.231547,0.0054870426,0.0063011469,0.04902106,0.04902106,0.93846693,0.59886113,0.59083025,0.40916975,0.40916975,-8.2867,-3.390667,-8.2962,-8.3,0,,0.59157047,2.3669674,0.59886113,"{""Surge"":8.00933837162105,""Sway"":0.776335655560778,""Roll"":0.14717875111792042,""Pitch"":3.4979530784404287,""Yaw"":0.432881576415834}","{""Surge"":0.694133163574395,""Sway"":0.3830351608671329,""Roll"":0.23088104002761986,""Pitch"":0.08142292151490593,""Yaw"":0.09687871817782223}","{""J_wave"":0.04902105992433364,""J_shape"":0.9384669305708923,""env_err"":0.5915704671953774,""fp_err"":0.5988611324401725,""LERD"":0.002003839225521178,""LERM"":0.006746861335936634,""LER_err"":2.366967394393552,""Tend"":481.07000000000005}",PASS,metrics computed from 04_current_runs/runs/RUN_0001_FD_HEAVE_COMBO_SURGE_BQ080_HEAVE_BQ095_NOMASS_DOFIC_T600_0706/input/OpenFAST_input_files/IEA-15-240-RWT-UMaineSemi.out
RUN_0001_FD_ROLL_COMBO_SURGE_BQ080_HEAVE_BQ095_NOMASS_DOFIC_T600_0706,COMBO_SURGE_BQ080_HEAVE_BQ095_NOMASS_DOFIC_T600_0706,FD_ROLL,curated,false,2.0758231,31.040392,93.31251,0.0010588427,0.02049542,0.10939635,0.10939635,0.99405098,0.98502182,0.98233101,0.017668992,0.017668992,11.95968,0.21131549,11.97218,0,60.5125,,0.98215084,3.5077802,0.98502182,"{""Surge"":24.771676462115725,""Sway"":6.049888957440277,""Heave"":3.365397224119786,""Pitch"":15.910695547807912,""Yaw"":1.65863603991356}","{""Surge"":0.13004178340036146,""Sway"":0.2811231135878405,""Heave"":0.032594922860306255,""Pitch"":0.24847735333665472,""Yaw"":0.10705157585119539}","{""J_wave"":0.109396345798911,""J_shape"":0.9940509783719129,""env_err"":0.982150835196859,""fp_err"":0.985021820506895,""LERD"":0.0057346148051063625,""LERM"":0.025850382805737045,""LER_err"":3.507780153379907,""Tend"":539.2375}",PASS,metrics computed from 04_current_runs/runs/RUN_0001_FD_ROLL_COMBO_SURGE_BQ080_HEAVE_BQ095_NOMASS_DOFIC_T600_0706/input/OpenFAST_input_files/IEA-15-240-RWT-UMaineSemi.out
RUN_0001_FD_PITCH_COMBO_SURGE_BQ080_HEAVE_BQ095_NOMASS_DOFIC_T600_0706,COMBO_SURGE_BQ080_HEAVE_BQ095_NOMASS_DOFIC_T600_0706,FD_PITCH,curated,false,8.8196149,30.598882,71.176676,0.005267792,0.025569995,0.13031799,0.13031799,1.1403733,0.025490145,0.038084686,0.96191531,0.96191531,-9.03115,-8.6872015,-9.028615,0,0,,0.39835588,0.97229691,0.025490145,"{""Surge"":2.2721340525445117,""Sway"":0.21829095004878987,""Heave"":0.3500908496488102,""Roll"":0.04142146675009859,""Yaw"":0.12062413320531554}","{""Surge"":0.3652553627158409,""Sway"":0.11511580438120428,""Heave"":0.09709203619753709,""Roll"":0.24451383619627762,""Yaw"":0.12733165013806358}","{""J_wave"":0.13031799207305922,""J_shape"":1.1403732685555175,""env_err"":0.39835588194589666,""fp_err"":0.025490145151401456,""LERD"":0.013125939777430977,""LERM"":0.0003636291473664459,""LER_err"":0.972296905704864,""Tend"":484.68}",PASS,metrics computed from 04_current_runs/runs/RUN_0001_FD_PITCH_COMBO_SURGE_BQ080_HEAVE_BQ095_NOMASS_DOFIC_T600_0706/input/OpenFAST_input_files/IEA-15-240-RWT-UMaineSemi.out
RUN_0001_FD_YAW_COMBO_SURGE_BQ080_HEAVE_BQ095_NOMASS_DOFIC_T600_0706,COMBO_SURGE_BQ080_HEAVE_BQ095_NOMASS_DOFIC_T600_0706,FD_YAW,curated,false,57.479599,50.687273,13.400456,0.023776571,0.024700713,0.10308851,0.10308851,0.97628566,0.95723365,0.9645912,0.035408799,-0.035408799,-18.0201,0.6380701,-17.8903,0,0,,0.94627554,0.54565436,0.95723365,"{""Surge"":18.8364798334102,""Sway"":1.809678911244358,""Heave"":2.902328417588851,""Roll"":0.3433928655022515,""Pitch"":8.290215012761086}","{""Surge"":0.1667131756781034,""Sway"":0.06151291011602063,""Heave"":0.00833951391833249,""Roll"":0.08748756161027149,""Pitch"":0.06650130575791667}","{""J_wave"":0.10308851008065803,""J_shape"":0.9762856619282966,""env_err"":0.9462755366891608,""fp_err"":0.9572336452158527,""LERD"":0.01155425433011038,""LERM"":0.005249625054690679,""LER_err"":0.545654362046527,""Tend"":599.75}",PASS,metrics computed from 04_current_runs/runs/RUN_0001_FD_YAW_COMBO_SURGE_BQ080_HEAVE_BQ095_NOMASS_DOFIC_T600_0706/input/OpenFAST_input_files/IEA-15-240-RWT-UMaineSemi.out
RUN_0001_FD_SURGE_COMBO_FORMALBASE_SURGE_BQ080_HEAVE_BQ095_NOPTFMMASS_DOFIC_T600_0706,COMBO_FORMALBASE_SURGE_BQ080_HEAVE_BQ095_NOPTFMMASS_DOFIC_T600_0706,FD_SURGE,curated,false,81.552459,82.763612,1.463389,0.026997939,0.020242479,0.026892476,0.026892476,0.46247875,0.073150903,0.10542159,0.89457841,0.89457841,-23.215405,-20.768,-23.35351,-17.8,-0.05,,0.27711431,0.056242269,0.073150903,"{""Sway"":0.1363667970645442,""Heave"":0.009200463826342245,""Roll"":0.18041790744487496,""Pitch"":0.06813128660127896,""Yaw"":0.09634413002171947}","{""Sway"":0.15896017090110728,""Heave"":0.01968059507325694,""Roll"":0.03291602612100948,""Pitch"":0.10723769417504003,""Yaw"":0.03816688415976064}","{""J_wave"":0.026892476303557334,""J_shape"":0.46247874768814934,""env_err"":0.2771143063308711,""fp_err"":0.0731509030296145,""LERD"":0.005620400769700252,""LERM"":0.005936504859255579,""LER_err"":0.056242268569076694,""Tend"":599.8}",PASS,metrics computed from 04_current_runs/runs/RUN_0001_FD_SURGE_COMBO_FORMALBASE_SURGE_BQ080_HEAVE_BQ095_NOPTFMMASS_DOFIC_T600_0706/input/qg_r001_center_surge_9d3daf69.out
RUN_0001_FD_SWAY_COMBO_FORMALBASE_SURGE_BQ080_HEAVE_BQ095_NOPTFMMASS_DOFIC_T600_0706,COMBO_FORMALBASE_SURGE_BQ080_HEAVE_BQ095_NOPTFMMASS_DOFIC_T600_0706,FD_SWAY,curated,false,81.368184,79.430459,2.4395244,0.034790332,0.023182848,0.056371739,0.056371739,0.99406063,0.033112493,0.023090821,0.97690918,0.97690918,-15.1099,-14.761,-15.02749,-12.09,-0.05,,0.25770475,0.68301283,0.033112493,"{""Surge"":0.2089718378788623,""Heave"":0.011028459142477381,""Roll"":0.2499773478658424,""Pitch"":0.15855472658252537,""Yaw"":0.38024951638795357}","{""Surge"":0.09911156186697814,""Heave"":0.018040555839837675,""Roll"":0.11940848210435888,""Pitch"":0.0384504331662194,""Yaw"":0.1166189583607766}","{""J_wave"":0.05637173917584612,""J_shape"":0.9940606283915853,""env_err"":0.25770474918218994,""fp_err"":0.03311249278070217,""LERD"":0.018176532497842346,""LERM"":0.005761727527979549,""LER_err"":0.6830128337919513,""Tend"":599.8}",PASS,metrics computed from 04_current_runs/runs/RUN_0001_FD_SWAY_COMBO_FORMALBASE_SURGE_BQ080_HEAVE_BQ095_NOPTFMMASS_DOFIC_T600_0706/input/qg_r001_center_sway_ac064de6.out
RUN_0001_FD_HEAVE_COMBO_FORMALBASE_SURGE_BQ080_HEAVE_BQ095_NOPTFMMASS_DOFIC_T600_0706,COMBO_FORMALBASE_SURGE_BQ080_HEAVE_BQ095_NOPTFMMASS_DOFIC_T600_0706,FD_HEAVE,curated,false,20.89255,20.719426,0.83556537,0.0016737175,0.0063011469,0.021026889,0.021026889,0.24988253,0.037481122,0.0041934666,1.0041935,1.0041935,-8.2867,-8.32145,-8.2962,-8.3,-0.05,,0.33072316,0.11174908,0.037481122,"{""Surge"":0.7658786185530961,""Sway"":0.49667899642710184,""Roll"":0.9392306312795109,""Pitch"":0.6130663588395466,""Yaw"":0.28621784527886734}","{""Surge"":0.694133163574395,""Sway"":0.3830351608671329,""Roll"":0.23088104002761986,""Pitch"":0.08142292151490593,""Yaw"":0.09687871817782223}","{""J_wave"":0.021026888557395734,""J_shape"":0.2498825339619033,""env_err"":0.33072316206209895,""fp_err"":0.03748112220895861,""LERD"":0.002003839225521178,""LERM"":0.0022277664193689453,""LER_err"":0.11174908196016882,""Tend"":481.07000000000005}",PASS,metrics computed from 04_current_runs/runs/RUN_0001_FD_HEAVE_COMBO_FORMALBASE_SURGE_BQ080_HEAVE_BQ095_NOPTFMMASS_DOFIC_T600_0706/input/qg_r001_center_heave_adcda246.out
RUN_0001_FD_ROLL_COMBO_FORMALBASE_SURGE_BQ080_HEAVE_BQ095_NOPTFMMASS_DOFIC_T600_0706,COMBO_FORMALBASE_SURGE_BQ080_HEAVE_BQ095_NOPTFMMASS_DOFIC_T600_0706,FD_ROLL,curated,false,31.61,31.040392,1.8350526,0.019329688,0.02049542,0.041135548,0.041135548,0.94156146,0.22627623,0.19359381,1.1935938,1.1935938,11.95968,14.275,11.97218,16.89,-0.05,,0.21505423,0.2258348,0.22627623,"{""Surge"":0.16951241051061466,""Sway"":0.41494446118279626,""Heave"":0.006202646085986776,""Pitch"":0.1722299885386404,""Yaw"":0.13773451224704408}","{""Surge"":0.13004178340036146,""Sway"":0.2811231135878405,""Heave"":0.032594922860306255,""Pitch"":0.24847735333665472,""Yaw"":0.10705157585119539}","{""J_wave"":0.04113554779551747,""J_shape"":0.9415614585935785,""env_err"":0.21505423467926063,""fp_err"":0.22627623230749117,""LERD"":0.003845088241676106,""LERM"":0.004713442982001313,""LER_err"":0.22583480163427497,""Tend"":599.8}",PASS,metrics computed from 04_current_runs/runs/RUN_0001_FD_ROLL_COMBO_FORMALBASE_SURGE_BQ080_HEAVE_BQ095_NOPTFMMASS_DOFIC_T600_0706/input/qg_r001_center_roll_38d48f80.out
RUN_0002_FD_PITCH_COMBO_FORMALBASE_SURGE_BQ080_HEAVE_BQ095_NOPTFMMASS_DOFIC_T600_0706,COMBO_FORMALBASE_SURGE_BQ080_HEAVE_BQ095_NOPTFMMASS_DOFIC_T600_0706,FD_PITCH,curated,false,30.657441,30.598882,0.19137596,0.020701346,0.025569995,0.013301788,0.013301788,0.18028402,0.21039616,0.17029393,1.1702939,1.1702939,-9.03115,-10.5691,-9.028615,-9.679,-0.05,,0.1312298,0.53925882,0.21039616,"{""Surge"":0.595851723148743,""Sway"":0.13728159339532392,""Heave"":0.029565210969041612,""Roll"":0.3499523548424739,""Yaw"":0.36982849837107934}","{""Surge"":0.3652553627158409,""Sway"":0.11511580438120428,""Heave"":0.09709203619753709,""Roll"":0.24451383619627762,""Yaw"":0.12733165013806358}","{""J_wave"":0.013301788197127067,""J_shape"":0.18028401745272932,""env_err"":0.13122980248923682,""fp_err"":0.21039616199815306,""LERD"":0.013125939777430977,""LERM"":0.020204218553902135,""LER_err"":0.5392588185298323,""Tend"":484.68}",PASS,metrics computed from 04_current_runs/runs/RUN_0002_FD_PITCH_COMBO_FORMALBASE_SURGE_BQ080_HEAVE_BQ095_NOPTFMMASS_DOFIC_T600_0706/input/qg_r001_center_pitch_e18abe27.out
RUN_0002_FD_YAW_COMBO_FORMALBASE_SURGE_BQ080_HEAVE_BQ095_NOPTFMMASS_DOFIC_T600_0706,COMBO_FORMALBASE_SURGE_BQ080_HEAVE_BQ095_NOPTFMMASS_DOFIC_T600_0706,FD_YAW,curated,false,51.045675,50.687273,0.70708443,0.0213001,0.024700713,0.026098279,0.026098279,0.40552496,0.166952,0.20492117,0.79507883,0.79507883,-18.0201,-14.3274,-17.8903,-15.05,-0.05,,0.24289752,3.508498,0.166952,"{""Surge"":0.4665131422896465,""Sway"":0.24553504989655484,""Heave"":0.023065396847528372,""Roll"":0.2664276763536802,""Pitch"":0.1542494676811537}","{""Surge"":0.1667131756781034,""Sway"":0.06151291011602063,""Heave"":0.00833951391833249,""Roll"":0.08748756161027149,""Pitch"":0.06650130575791667}","{""J_wave"":0.026098278794876976,""J_shape"":0.40552496039880964,""env_err"":0.2428975222835887,""fp_err"":0.16695200068069846,""LERD"":0.011551298356478529,""LERM"":0.052079005575178555,""LER_err"":3.508498003254337,""Tend"":599.8}",PASS,metrics computed from 04_current_runs/runs/RUN_0002_FD_YAW_COMBO_FORMALBASE_SURGE_BQ080_HEAVE_BQ095_NOPTFMMASS_DOFIC_T600_0706/input/qg_r001_center_yaw_fe6ed2b1.out
RUN_0001_FD_SURGE_FORMALBASE_SURGEONLY_BQ080_DOFIC_T600_0706,FORMALBASE_SURGEONLY_BQ080_DOFIC_T600_0706,FD_SURGE,curated,false,79.933333,82.763612,3.4197143,0.016835304,0.020242479,0.038309444,0.038309444,0.89214978,0.068375139,0.097495822,0.90250418,0.90250418,-23.215405,-20.952,-23.35351,-17.8,-0.05,,0.32315574,0.60306258,0.068375139,"{""Sway"":0.17909722520576163,""Heave"":0.1477301184675344,""Roll"":0.1750605883765558,""Pitch"":0.055494617782039964,""Yaw"":0.15381944807887368}","{""Sway"":0.15896017090110728,""Heave"":0.01968059507325694,""Roll"":0.03291602612100948,""Pitch"":0.10723769417504003,""Yaw"":0.03816688415976064}","{""J_wave"":0.03830944392269214,""J_shape"":0.8921497843324792,""env_err"":0.323155742769212,""fp_err"":0.0683751386330474,""LERD"":0.005620400769700252,""LERM"":0.00900985416612421,""LER_err"":0.6030625813548034,""Tend"":599.8}",PASS,metrics computed from 04_current_runs/runs/RUN_0001_FD_SURGE_FORMALBASE_SURGEONLY_BQ080_DOFIC_T600_0706/input/qg_r001_center_surge_9d3daf69.out
RUN_0001_FD_SWAY_FORMALBASE_SURGEONLY_BQ080_DOFIC_T600_0706,FORMALBASE_SURGEONLY_BQ080_DOFIC_T600_0706,FD_SWAY,curated,false,86.203636,79.430459,8.5271794,0.026595985,0.023182848,0.062489397,0.062489397,1.1407228,0.0053519715,0.034804995,0.965195,0.965195,-15.1099,-14.584,-15.02749,-12.09,-0.05,,0.27778806,0.11870811,0.0053519715,"{""Surge"":0.23276567227087058,""Heave"":0.18980653510966133,""Roll"":0.24342741200466736,""Pitch"":0.12741688852919023,""Yaw"":0.4014434421598368}","{""Surge"":0.09911156186697814,""Heave"":0.018040555839837675,""Roll"":0.11940848210435888,""Pitch"":0.0384504331662194,""Yaw"":0.1166189583607766}","{""J_wave"":0.062489396525968466,""J_shape"":1.1407227501396204,""env_err"":0.27778805998381245,""fp_err"":0.005351971470021296,""LERD"":0.018176532497842346,""LERM"":0.016018830623785528,""LER_err"":0.11870811301951838,""Tend"":599.8}",PASS,metrics computed from 04_current_runs/runs/RUN_0001_FD_SWAY_FORMALBASE_SURGEONLY_BQ080_DOFIC_T600_0706/input/qg_r001_center_sway_ac064de6.out
RUN_0001_FD_HEAVE_FORMALBASE_SURGEONLY_BQ080_DOFIC_T600_0706,FORMALBASE_SURGEONLY_BQ080_DOFIC_T600_0706,FD_HEAVE,curated,false,20.915833,20.719426,0.94793983,0.0014683346,0.0063011469,0.02105206,0.02105206,0.24757303,0.12842884,0.085715665,1.0857157,1.0857157,-8.2867,-8.997,-8.2962,-4.475,-0.05,,0.32103378,0.46189499,0.12842884,"{""Surge"":0.4172011744651218,""Sway"":0.4507646563675128,""Roll"":0.8935162182131642,""Pitch"":0.47966536297728063,""Yaw"":0.32295999285843463}","{""Surge"":0.694133163574395,""Sway"":0.3830351608671329,""Roll"":0.23088104002761986,""Pitch"":0.08142292151490593,""Yaw"":0.09687871817782223}","{""J_wave"":0.021052060037077696,""J_shape"":0.24757302949648996,""env_err"":0.3210337815720169,""fp_err"":0.12842884270280966,""LERD"":0.002003839225521178,""LERM"":0.002929402522512138,""LER_err"":0.46189498898058073,""Tend"":481.07000000000005}",PASS,metrics computed from 04_current_runs/runs/RUN_0001_FD_HEAVE_FORMALBASE_SURGEONLY_BQ080_DOFIC_T600_0706/input/qg_r001_center_heave_adcda246.out
RUN_0001_FD_PITCH_FORMALBASE_SURGEONLY_BQ080_DOFIC_T600_0706,FORMALBASE_SURGEONLY_BQ080_DOFIC_T600_0706,FD_PITCH,curated,false,30.640466,30.598882,0.13590044,0.018504742,0.025569995,0.012864569,0.012864569,0.19056841,0.20255022,0.16026198,1.160262,1.160262,-9.03115,-10.4785,-9.028615,-9.679,-0.05,,0.13011595,0.88790333,0.20255022,"{""Surge"":0.5120367670812017,""Sway"":0.157527411737058,""Heave"":0.28298716164197724,""Roll"":0.3415983216205464,""Yaw"":0.28740408586729294}","{""Surge"":0.3652553627158409,""Sway"":0.11511580438120428,""Heave"":0.09709203619753709,""Roll"":0.24451383619627762,""Yaw"":0.12733165013806358}","{""J_wave"":0.012864569042749088,""J_shape"":0.19056841270952862,""env_err"":0.13011594541876043,""fp_err"":0.20255021958621605,""LERD"":0.013125939777430977,""LERM"":0.024780505459478727,""LER_err"":0.8879033333740309,""Tend"":484.68}",PASS,metrics computed from 04_current_runs/runs/RUN_0001_FD_PITCH_FORMALBASE_SURGEONLY_BQ080_DOFIC_T600_0706/input/qg_r001_center_pitch_e18abe27.out
RUN_0001_FD_YAW_FORMALBASE_SURGEONLY_BQ080_DOFIC_T600_0706,FORMALBASE_SURGEONLY_BQ080_DOFIC_T600_0706,FD_YAW,curated,false,51.524227,50.687273,1.6512106,0.022414809,0.024700713,0.023828017,0.023828017,0.43926292,0.1538537,0.20716311,0.79283689,0.79283689,-18.0201,-14.287,-17.8903,-15.05,-0.05,,0.2384045,2.8152763,0.1538537,"{""Surge"":0.4477693451975024,""Sway"":0.1656176950248609,""Heave"":0.20309978554348596,""Roll"":0.2618855886753068,""Pitch"":0.06531819553775477}","{""Surge"":0.1667131756781034,""Sway"":0.06151291011602063,""Heave"":0.00833951391833249,""Roll"":0.08748756161027149,""Pitch"":0.06650130575791667}","{""J_wave"":0.02382801687382014,""J_shape"":0.4392629197789181,""env_err"":0.2384044960844355,""fp_err"":0.1538536982480688,""LERD"":0.011551298356478529,""LERM"":0.04407139440709456,""LER_err"":2.8152762613370803,""Tend"":599.8}",PASS,metrics computed from 04_current_runs/runs/RUN_0001_FD_YAW_FORMALBASE_SURGEONLY_BQ080_DOFIC_T600_0706/input/qg_r001_center_yaw_fe6ed2b1.out
RUN_0001_FD_SURGE_FORMALBASE_HEAVEONLY_BQ095_DOFIC_T600_0706,FORMALBASE_HEAVEONLY_BQ095_DOFIC_T600_0706,FD_SURGE,curated,false,84.021691,82.763612,1.5200864,0.028477729,0.020242479,0.030051464,0.030051464,0.59205564,0.12737373,0.15495767,0.84504233,0.84504233,-23.215405,-19.618,-23.35351,-16.25,-0.05,,0.29099706,0.17241876,0.12737373,"{""Sway"":0.09868551487948318,""Heave"":0.011718725298060157,""Roll"":0.20119595154819211,""Pitch"":0.07953939769276779,""Yaw"":0.1290841551024234}","{""Sway"":0.15896017090110728,""Heave"":0.01968059507325694,""Roll"":0.03291602612100948,""Pitch"":0.10723769417504003,""Yaw"":0.03816688415976064}","{""J_wave"":0.03005146396434014,""J_shape"":0.5920556417696031,""env_err"":0.29099705688810196,""fp_err"":0.127373734901193,""LERD"":0.005620400769700252,""LERM"":0.004651338215669946,""LER_err"":0.172418764023831,""Tend"":599.8}",PASS,metrics computed from 04_current_runs/runs/RUN_0001_FD_SURGE_FORMALBASE_HEAVEONLY_BQ095_DOFIC_T600_0706/input/qg_r001_center_surge_9d3daf69.out
RUN_0001_FD_SWAY_FORMALBASE_HEAVEONLY_BQ095_DOFIC_T600_0706,FORMALBASE_HEAVEONLY_BQ095_DOFIC_T600_0706,FD_SWAY,curated,false,84.0125,79.430459,5.76862,0.031345914,0.023182848,0.054452762,0.054452762,0.99965947,0.021254708,0.018921369,0.98107863,0.98107863,-15.1099,-14.824,-15.02749,-12.09,-0.05,,0.26906229,0.71735602,0.021254708,"{""Surge"":0.22519220970307885,""Heave"":0.008701535647296347,""Roll"":0.2528240128295574,""Pitch"":0.14931914267851193,""Yaw"":0.44799507509358355}","{""Surge"":0.09911156186697814,""Heave"":0.018040555839837675,""Roll"":0.11940848210435888,""Pitch"":0.0384504331662194,""Yaw"":0.1166189583607766}","{""J_wave"":0.054452762420252314,""J_shape"":0.9996594711536575,""env_err"":0.2690622868928612,""fp_err"":0.021254707898074664,""LERD"":0.018176532497842346,""LERM"":0.005137487419527303,""LER_err"":0.7173560237555127,""Tend"":599.8}",PASS,metrics computed from 04_current_runs/runs/RUN_0001_FD_SWAY_FORMALBASE_HEAVEONLY_BQ095_DOFIC_T600_0706/input/qg_r001_center_sway_ac064de6.out
RUN_0001_FD_HEAVE_FORMALBASE_HEAVEONLY_BQ095_DOFIC_T600_0706,FORMALBASE_HEAVEONLY_BQ095_DOFIC_T600_0706,FD_HEAVE,curated,false,20.886147,20.719426,0.80466188,0.0017108633,0.0063011469,0.021119459,0.021119459,0.26534582,0.037478328,0.0040727913,1.0040728,1.0040728,-8.2867,-8.32045,-8.2962,-8.3,-0.05,,0.33075865,0.075277588,0.037478328,"{""Surge"":0.48245535996135386,""Sway"":0.4825312411754929,""Roll"":0.9454742524521064,""Pitch"":0.5619710982203878,""Yaw"":0.27712459853836846}","{""Surge"":0.694133163574395,""Sway"":0.3830351608671329,""Roll"":0.23088104002761986,""Pitch"":0.08142292151490593,""Yaw"":0.09687871817782223}","{""J_wave"":0.021119459359362505,""J_shape"":0.26534581860630296,""env_err"":0.3307586542272932,""fp_err"":0.037478327797645,""LERD"":0.002003839225521178,""LERM"":0.0021546834090467484,""LER_err"":0.07527758794438082,""Tend"":481.07000000000005}",PASS,metrics computed from 04_current_runs/runs/RUN_0001_FD_HEAVE_FORMALBASE_HEAVEONLY_BQ095_DOFIC_T600_0706/input/qg_r001_center_heave_adcda246.out
RUN_0001_FD_ROLL_FORMALBASE_HEAVEONLY_BQ095_DOFIC_T600_0706,FORMALBASE_HEAVEONLY_BQ095_DOFIC_T600_0706,FD_ROLL,curated,false,31.48,31.040392,1.4162435,0.018470366,0.02049542,0.043352512,0.043352512,0.99961871,0.21936582,0.19451357,1.1945136,1.1945136,11.95968,14.286,11.97218,16.89,-0.05,,0.2130771,0.65342788,0.21936582,"{""Surge"":0.273406951759461,""Sway"":0.4518944392557024,""Heave"":0.0049329521506558515,""Pitch"":0.15186820497149683,""Yaw"":0.13527115948910604}","{""Surge"":0.13004178340036146,""Sway"":0.2811231135878405,""Heave"":0.032594922860306255,""Pitch"":0.24847735333665472,""Yaw"":0.10705157585119539}","{""J_wave"":0.04335251198258145,""J_shape"":0.9996187122002158,""env_err"":0.21307709540538747,""fp_err"":0.21936581938348593,""LERD"":0.003845088241676106,""LERM"":0.006357576104743845,""LER_err"":0.653427881273415,""Tend"":599.8}",PASS,metrics computed from 04_current_runs/runs/RUN_0001_FD_ROLL_FORMALBASE_HEAVEONLY_BQ095_DOFIC_T600_0706/input/qg_r001_center_roll_38d48f80.out
RUN_0001_FD_PITCH_FORMALBASE_HEAVEONLY_BQ095_DOFIC_T600_0706,FORMALBASE_HEAVEONLY_BQ095_DOFIC_T600_0706,FD_PITCH,curated,false,30.642841,30.598882,0.14366061,0.023032461,0.025569995,0.012113002,0.012113002,0.1561953,0.21361196,0.179584,1.179584,1.179584,-9.03115,-10.653,-9.028615,-9.679,-0.05,,0.13116471,0.13277118,0.21361196,"{""Surge"":0.36953626057137906,""Sway"":0.12278964982082118,""Heave"":0.030674805200674424,""Roll"":0.35017188817773165,""Yaw"":0.22419110679137502}","{""Surge"":0.3652553627158409,""Sway"":0.11511580438120428,""Heave"":0.09709203619753709,""Roll"":0.24451383619627762,""Yaw"":0.12733165013806358}","{""J_wave"":0.01211300150710815,""J_shape"":0.1561953012331402,""env_err"":0.13116470542044625,""fp_err"":0.2136119595518724,""LERD"":0.013125939777430977,""LERM"":0.014868686305909911,""LER_err"":0.13277118119004705,""Tend"":484.68}",PASS,metrics computed from 04_current_runs/runs/RUN_0001_FD_PITCH_FORMALBASE_HEAVEONLY_BQ095_DOFIC_T600_0706/input/qg_r001_center_pitch_e18abe27.out
RUN_0001_FD_YAW_FORMALBASE_HEAVEONLY_BQ095_DOFIC_T600_0706,FORMALBASE_HEAVEONLY_BQ095_DOFIC_T600_0706,FD_YAW,curated,false,50.885992,50.687273,0.39204866,0.022715709,0.024700713,0.025076386,0.025076386,0.47949112,0.18204994,0.20441063,0.79558937,0.79558937,-18.0201,-14.3366,-17.8903,-15.05,-0.05,,0.24037267,1.9911394,0.18204994,"{""Surge"":0.2396541342183193,""Sway"":0.20738216979296908,""Heave"":0.008576217772330324,""Roll"":0.26478008729515584,""Pitch"":0.07876285284732405}","{""Surge"":0.1667131756781034,""Sway"":0.06151291011602063,""Heave"":0.00833951391833249,""Roll"":0.08748756161027149,""Pitch"":0.06650130575791667}","{""J_wave"":0.025076386436878276,""J_shape"":0.4794911171588669,""env_err"":0.24037267131196388,""fp_err"":0.18204994421227766,""LERD"":0.011551298356478529,""LERM"":0.0345515440803679,""LER_err"":1.9911394385367702,""Tend"":599.8}",PASS,metrics computed from 04_current_runs/runs/RUN_0001_FD_YAW_FORMALBASE_HEAVEONLY_BQ095_DOFIC_T600_0706/input/qg_r001_center_yaw_fe6ed2b1.out
RUN_0001_FD_SURGE_LP_B7F42ED0715D_HEAVE_20260706T134334Z0000,LP_B7F42ED0715D_HEAVE_20260706T134334Z0000,FD_SURGE,curated,false,84.331154,82.763612,1.8939983,0.068174399,0.020242479,0.15155949,0.15155949,1.169283,0.97163979,0.96848153,0.031518468,-0.031518468,-23.215405,0.731714,-23.35351,0,-0.05,,0.94548175,2.2765721,0.97163979,"{""Sway"":2.0394100952724035,""Heave"":4.458944874103745,""Roll"":2.780956897534256,""Pitch"":1.5951401253937934,""Yaw"":1.8363091288171538}","{""Sway"":0.15896017090110728,""Heave"":0.01968059507325694,""Roll"":0.03291602612100948,""Pitch"":0.10723769417504003,""Yaw"":0.03816688415976064}","{""J_wave"":0.15155949018875384,""J_shape"":1.1692829582223039,""env_err"":0.945481754547752,""fp_err"":0.9716397902698362,""LERD"":0.011367535191720273,""LERM"":0.037246549222825505,""LER_err"":2.276572149955131,""Tend"":399.8}",PASS,metrics computed from 04_current_runs/runs/RUN_0001_FD_SURGE_LP_B7F42ED0715D_HEAVE_20260706T134334Z0000/input/qg_r001_center_surge_9d3daf69.out
RUN_0001_FD_SURGE_LP_1091C22C41B7_HEAVE_20260706T135310Z0000,LP_1091C22C41B7_HEAVE_20260706T135310Z0000,FD_SURGE,curated,false,84.034921,82.763612,1.5360715,0.018461989,0.020242479,0.057835519,0.057835519,1.2340072,0.29622883,0.3360874,0.6639126,0.6639126,-23.215405,-15.413,-23.35351,-13.62,-0.05,,0.39146384,5.520743,0.29622883,"{""Sway"":0.21999124628057012,""Heave"":0.17919002060486292,""Roll"":0.23266668734613674,""Pitch"":0.06961749614935683,""Yaw"":0.21037903612212153}","{""Sway"":0.15896017090110728,""Heave"":0.01968059507325694,""Roll"":0.03291602612100948,""Pitch"":0.10723769417504003,""Yaw"":0.03816688415976064}","{""J_wave"":0.0578355187316448,""J_shape"":1.2340072231276893,""env_err"":0.39146383890572356,""fp_err"":0.29622883203114725,""LERD"":0.003995852928715648,""LERM"":0.026055929944310476,""LER_err"":5.520742982571535,""Tend"":740.9499999999999}",PASS,metrics computed from 04_current_runs/runs/RUN_0001_FD_SURGE_LP_1091C22C41B7_HEAVE_20260706T135310Z0000/input/qg_r001_center_surge_9d3daf69.out
RUN_0001_FD_SWAY_LP_1091C22C41B7_HEAVE_20260706T135310Z0000,LP_1091C22C41B7_HEAVE_20260706T135310Z0000,FD_SWAY,curated,false,84.676389,79.430459,6.6044315,0.029278072,0.023182848,0.045430035,0.045430035,0.9598789,0.20113766,0.23526959,0.76473041,0.76473041,-15.1099,-11.555,-15.02749,-10.17,-0.05,,0.31983451,0.28126293,0.20113766,"{""Surge"":0.2770654499810415,""Heave"":0.21706264455073138,""Roll"":0.35141377108902894,""Pitch"":0.16353513705976266,""Yaw"":0.4910066502247873}","{""Surge"":0.09911156186697814,""Heave"":0.018040555839837675,""Roll"":0.11940848210435888,""Pitch"":0.0384504331662194,""Yaw"":0.1166189583607766}","{""J_wave"":0.04543003482731525,""J_shape"":0.9598788956294325,""env_err"":0.3198345057957357,""fp_err"":0.20113766433049562,""LERD"":0.008732298675839493,""LERM"":0.011188370604092678,""LER_err"":0.2812629319526873,""Tend"":899.8}",PASS,metrics computed from 04_current_runs/runs/RUN_0001_FD_SWAY_LP_1091C22C41B7_HEAVE_20260706T135310Z0000/input/qg_r001_center_sway_ac064de6.out
RUN_0001_FD_HEAVE_LP_1091C22C41B7_HEAVE_20260706T135310Z0000,LP_1091C22C41B7_HEAVE_20260706T135310Z0000,FD_HEAVE,curated,false,20.822316,20.719426,0.49658782,0.0013548032,0.0063011469,0.039908417,0.039908417,0.2789061,0.66526915,0.58929369,1.5892937,1.5892937,-8.2867,-13.17,-8.2962,-8.287,-0.05,,0.53368731,0.25667316,0.66526915,"{""Surge"":0.22894630935014093,""Sway"":0.4065943433464676,""Roll"":0.6371890665726597,""Pitch"":0.3170195019663106,""Yaw"":0.3466946799689659}","{""Surge"":0.694133163574395,""Sway"":0.3830351608671329,""Roll"":0.23088104002761986,""Pitch"":0.08142292151490593,""Yaw"":0.09687871817782223}","{""J_wave"":0.039908417308417786,""J_shape"":0.2789061039386165,""env_err"":0.5336873063084474,""fp_err"":0.6652691465323912,""LERD"":0.0029834655567953176,""LERM"":0.002217690021857554,""LER_err"":0.2566731609130154,""Tend"":399.8}",PASS,metrics computed from 04_current_runs/runs/RUN_0001_FD_HEAVE_LP_1091C22C41B7_HEAVE_20260706T135310Z0000/input/qg_r001_center_heave_adcda246.out
RUN_0001_FD_ROLL_LP_1091C22C41B7_HEAVE_20260706T135310Z0000,LP_1091C22C41B7_HEAVE_20260706T135310Z0000,FD_ROLL,curated,false,31.593668,31.040392,1.7824383,0.027267527,0.02049542,0.044313458,0.044313458,0.97138645,0.24860353,0.19259044,1.1925904,1.1925904,11.95968,14.263,11.97218,16.89,-0.05,,0.18454461,0.44355866,0.24860353,"{""Surge"":0.28447269660154983,""Sway"":0.4364279512790074,""Heave"":0.23516845389469687,""Pitch"":0.15203369892776633,""Yaw"":0.22312924266394016}","{""Surge"":0.13004178340036146,""Sway"":0.2811231135878405,""Heave"":0.032594922860306255,""Pitch"":0.24847735333665472,""Yaw"":0.10705157585119539}","{""J_wave"":0.04431345811571087,""J_shape"":0.9713864549686122,""env_err"":0.18454460506827688,""fp_err"":0.24860353023877382,""LERD"":0.006503664007973453,""LERM"":0.009388420514321002,""LER_err"":0.4435586621342762,""Tend"":519.8}",PASS,metrics computed from 04_current_runs/runs/RUN_0001_FD_ROLL_LP_1091C22C41B7_HEAVE_20260706T135310Z0000/input/qg_r001_center_roll_38d48f80.out
RUN_0001_FD_PITCH_LP_1091C22C41B7_HEAVE_20260706T135310Z0000,LP_1091C22C41B7_HEAVE_20260706T135310Z0000,FD_PITCH,curated,false,30.692016,30.598882,0.30436776,0.020075994,0.025569995,0.014297448,0.014297448,0.17732245,0.15044524,0.16211114,1.1621111,1.1621111,-9.03115,-10.4952,-9.028615,-9.679,-0.05,,0.13437073,0.9283799,0.15044524,"{""Surge"":0.4788321270971919,""Sway"":0.14638746004759812,""Heave"":0.28258774337751563,""Roll"":0.3423291896698322,""Yaw"":0.25494998989279855}","{""Surge"":0.3652553627158409,""Sway"":0.11511580438120428,""Heave"":0.09709203619753709,""Roll"":0.24451383619627762,""Yaw"":0.12733165013806358}","{""J_wave"":0.014297448205575497,""J_shape"":0.17732244730684102,""env_err"":0.1343707276463224,""fp_err"":0.15044523737758758,""LERD"":0.013125939777430977,""LERM"":0.025311798419278223,""LER_err"":0.9283798987711245,""Tend"":484.68}",PASS,metrics computed from 04_current_runs/runs/RUN_0001_FD_PITCH_LP_1091C22C41B7_HEAVE_20260706T135310Z0000/input/qg_r001_center_pitch_e18abe27.out
RUN_0001_FD_YAW_LP_1091C22C41B7_HEAVE_20260706T135310Z0000,LP_1091C22C41B7_HEAVE_20260706T135310Z0000,FD_YAW,curated,false,50.49611,50.687273,0.37714271,0.017725412,0.024700713,0.024790219,0.024790219,0.37593063,0.18137979,0.19539847,0.80460153,0.80460153,-18.0201,-14.499,-17.8903,-14.98,-0.05,,0.26274152,2.856059,0.18137979,"{""Surge"":0.4369643229393396,""Sway"":0.18920282561563323,""Heave"":0.19497292373553057,""Roll"":0.2510565578959375,""Pitch"":0.0806000515654459}","{""Surge"":0.1667131756781034,""Sway"":0.06151291011602063,""Heave"":0.00833951391833249,""Roll"":0.08748756161027149,""Pitch"":0.06650130575791667}","{""J_wave"":0.02479021889540878,""J_shape"":0.3759306277740956,""env_err"":0.2627415208092494,""fp_err"":0.18137978847146596,""LERD"":0.010254479339074602,""LERM"":0.03954187761578612,""LER_err"":2.856059026333219,""Tend"":628.0}",PASS,metrics computed from 04_current_runs/runs/RUN_0001_FD_YAW_LP_1091C22C41B7_HEAVE_20260706T135310Z0000/input/qg_r001_center_yaw_fe6ed2b1.out
RUN_0001_FD_SURGE_LP_2BFEA3960C79_SWAY_20260707T011700Z0000,LP_2BFEA3960C79_SWAY_20260707T011700Z0000,FD_SURGE,curated,false,84.443056,82.763612,2.0292047,0.010892558,0.020242479,0.052949564,0.052949564,1.0341837,0.29289504,0.33130609,0.66869391,0.66869391,-23.215405,-15.524,-23.35351,-13.62,-0.05,,0.43238728,0.39386303,0.29289504,"{""Sway"":0.23565813867763788,""Heave"":0.19052269873963676,""Roll"":0.24330050662358071,""Pitch"":0.08804666870555226,""Yaw"":0.22629897809026156}","{""Sway"":0.15896017090110728,""Heave"":0.01968059507325694,""Roll"":0.03291602612100948,""Pitch"":0.10723769417504003,""Yaw"":0.03816688415976064}","{""J_wave"":0.052949564266142585,""J_shape"":1.0341836909288742,""env_err"":0.43238728154073003,""fp_err"":0.2928950433501649,""LERD"":0.003995852928715648,""LERM"":0.005569671663356937,""LER_err"":0.39386302817384916,""Tend"":740.9499999999999}",PASS,metrics computed from 04_current_runs/runs/RUN_0001_FD_SURGE_LP_2BFEA3960C79_SWAY_20260707T011700Z0000/input/qg_r001_center_surge_9d3daf69.out
RUN_0001_FD_SWAY_LP_2BFEA3960C79_SWAY_20260707T011700Z0000,LP_2BFEA3960C79_SWAY_20260707T011700Z0000,FD_SWAY,curated,false,84.445833,79.430459,6.3141706,0.014947327,0.023182848,0.060323427,0.060323427,1.1538221,0.3975295,0.28895625,1.2889562,1.2889562,-15.1099,-19.476,-15.02749,-15.11,-0.05,,0.36285827,0.25707806,0.3975295,"{""Surge"":0.35935724317125384,""Heave"":0.15176672001990907,""Roll"":0.27083424679873147,""Pitch"":0.13898756530509804,""Yaw"":0.38326071630795594}","{""Surge"":0.09911156186697814,""Heave"":0.018040555839837675,""Roll"":0.11940848210435888,""Pitch"":0.0384504331662194,""Yaw"":0.1166189583607766}","{""J_wave"":0.06032342724397424,""J_shape"":1.1538221192246445,""env_err"":0.36285827075235005,""fp_err"":0.397529502625355,""LERD"":0.008732298675839493,""LERM"":0.010977181101354424,""LER_err"":0.2570780625868956,""Tend"":899.8}",PASS,metrics computed from 04_current_runs/runs/RUN_0001_FD_SWAY_LP_2BFEA3960C79_SWAY_20260707T011700Z0000/input/qg_r001_center_sway_ac064de6.out
RUN_0001_FD_HEAVE_LP_2BFEA3960C79_SWAY_20260707T011700Z0000,LP_2BFEA3960C79_SWAY_20260707T011700Z0000,FD_HEAVE,curated,false,20.874947,20.719426,0.75060828,0.001484393,0.0063011469,0.035871667,0.035871667,0.25370531,0.59583105,0.52738726,1.5273873,1.5273873,-8.2867,-12.657,-8.2962,-7.775,-0.05,,0.49782739,0.26400234,0.59583105,"{""Surge"":0.3590290299573813,""Sway"":0.40299784173423603,""Roll"":0.657863225582756,""Pitch"":0.4024849054149284,""Yaw"":0.21008136381098913}","{""Surge"":0.694133163574395,""Sway"":0.3830351608671329,""Roll"":0.23088104002761986,""Pitch"":0.08142292151490593,""Yaw"":0.09687871817782223}","{""J_wave"":0.03587166690140107,""J_shape"":0.2537053096192912,""env_err"":0.4978273861667955,""fp_err"":0.5958310470814443,""LERD"":0.0029834655567953176,""LERM"":0.002195823659879696,""LER_err"":0.2640023428866614,""Tend"":399.8}",PASS,metrics computed from 04_current_runs/runs/RUN_0001_FD_HEAVE_LP_2BFEA3960C79_SWAY_20260707T011700Z0000/input/qg_r001_center_heave_adcda246.out
RUN_0001_FD_ROLL_LP_2BFEA3960C79_SWAY_20260707T011700Z0000,LP_2BFEA3960C79_SWAY_20260707T011700Z0000,FD_ROLL,curated,false,31.737382,31.040392,2.245426,0.027047977,0.02049542,0.044730685,0.044730685,0.96990945,0.24386552,0.19233959,1.1923396,1.1923396,11.95968,14.26,11.97218,16.89,-0.05,,0.18335766,0.2496833,0.24386552,"{""Surge"":0.265024978997065,""Sway"":0.4268616134255102,""Heave"":0.23713452510757382,""Pitch"":0.1461799515562731,""Yaw"":0.1955629740375813}","{""Surge"":0.13004178340036146,""Sway"":0.2811231135878405,""Heave"":0.032594922860306255,""Pitch"":0.24847735333665472,""Yaw"":0.10705157585119539}","{""J_wave"":0.04473068532086673,""J_shape"":0.9699094521210824,""env_err"":0.1833576550087543,""fp_err"":0.24386551564148012,""LERD"":0.006503664007973453,""LERM"":0.008127520307781255,""LER_err"":0.24968330126171398,""Tend"":519.8}",PASS,metrics computed from 04_current_runs/runs/RUN_0001_FD_ROLL_LP_2BFEA3960C79_SWAY_20260707T011700Z0000/input/qg_r001_center_roll_38d48f80.out
RUN_0001_FD_PITCH_LP_2BFEA3960C79_SWAY_20260707T011700Z0000,LP_2BFEA3960C79_SWAY_20260707T011700Z0000,FD_PITCH,curated,false,30.559191,30.598882,0.12971492,0.023710741,0.025569995,0.013589002,0.013589002,0.18695372,0.15633935,0.16328485,1.1632849,1.1632849,-9.03115,-10.5058,-9.028615,-9.679,-0.05,,0.12937653,0.091409247,0.15633935,"{""Surge"":0.4067650350385719,""Sway"":0.1372114414233317,""Heave"":0.287867351859648,""Roll"":0.3452886865664719,""Yaw"":0.19047869641754014}","{""Surge"":0.3652553627158409,""Sway"":0.11511580438120428,""Heave"":0.09709203619753709,""Roll"":0.24451383619627762,""Yaw"":0.12733165013806358}","{""J_wave"":0.013589002461758311,""J_shape"":0.18695371793790572,""env_err"":0.12937652664393431,""fp_err"":0.15633934911171743,""LERD"":0.013125939777430977,""LERM"":0.014325772045885941,""LER_err"":0.09140924678916948,""Tend"":484.68}",PASS,metrics computed from 04_current_runs/runs/RUN_0001_FD_PITCH_LP_2BFEA3960C79_SWAY_20260707T011700Z0000/input/qg_r001_center_pitch_e18abe27.out
RUN_0001_FD_YAW_LP_2BFEA3960C79_SWAY_20260707T011700Z0000,LP_2BFEA3960C79_SWAY_20260707T011700Z0000,FD_YAW,curated,false,51.460397,50.687273,1.5252811,0.022189143,0.024700713,0.033379158,0.033379158,0.82154728,0.16212543,0.20452162,0.79547838,0.79547838,-18.0201,-14.3346,-17.8903,-14.98,-0.05,,0.25943069,1.1251033,0.16212543,"{""Surge"":0.4488524014918333,""Sway"":0.19112476155362218,""Heave"":0.19703878885539933,""Roll"":0.2545764486223593,""Pitch"":0.09558330945108547}","{""Surge"":0.1667131756781034,""Sway"":0.06151291011602063,""Heave"":0.00833951391833249,""Roll"":0.08748756161027149,""Pitch"":0.06650130575791667}","{""J_wave"":0.03337915817486982,""J_shape"":0.8215472797699387,""env_err"":0.25943069363392496,""fp_err"":0.16212543420815348,""LERD"":0.010254479339074602,""LERM"":0.021791827874413368,""LER_err"":1.1251032991383387,""Tend"":628.0}",PASS,metrics computed from 04_current_runs/runs/RUN_0001_FD_YAW_LP_2BFEA3960C79_SWAY_20260707T011700Z0000/input/qg_r001_center_yaw_fe6ed2b1.out
RUN_0001_FD_SURGE_LP_9E877C00D37E_YAW_20260707T020651Z0000,LP_9E877C00D37E_YAW_20260707T020651Z0000,FD_SURGE,curated,false,89.294444,82.763612,7.8909461,0.013852581,0.020242479,0.050331407,0.050331407,0.92791325,0.32793905,0.33949031,0.66050969,0.66050969,-23.215405,-15.334,-23.35351,-13.62,-0.05,,0.40902901,1.0993079,0.32793905,"{""Sway"":0.2315699980177497,""Heave"":0.1862812340024086,""Roll"":0.23908342058590815,""Pitch"":0.0819329369308787,""Yaw"":0.175375164417361}","{""Sway"":0.15896017090110728,""Heave"":0.01968059507325694,""Roll"":0.03291602612100948,""Pitch"":0.10723769417504003,""Yaw"":0.03816688415976064}","{""J_wave"":0.05033140727776414,""J_shape"":0.9279132503908122,""env_err"":0.40902901179338713,""fp_err"":0.3279390539896388,""LERD"":0.003995852928715648,""LERM"":0.008388525492587957,""LER_err"":1.0993078679910793,""Tend"":740.9499999999999}",PASS,metrics computed from 04_current_runs/runs/RUN_0001_FD_SURGE_LP_9E877C00D37E_YAW_20260707T020651Z0000/input/qg_r001_center_surge_9d3daf69.out
RUN_0001_FD_SWAY_LP_9E877C00D37E_YAW_20260707T020651Z0000,LP_9E877C00D37E_YAW_20260707T020651Z0000,FD_SWAY,curated,false,81.119841,79.430459,2.12687,0.02670684,0.023182848,0.0424998,0.0424998,0.78377041,0.18132874,0.22812196,0.77187804,0.77187804,-15.1099,-11.663,-15.02749,-10.17,-0.05,,0.3260057,0.27746608,0.18132874,"{""Surge"":0.24380129078961527,""Heave"":0.22039681498606484,""Roll"":0.3489232769948077,""Pitch"":0.16823896300617075,""Yaw"":0.5054318053185687}","{""Surge"":0.09911156186697814,""Heave"":0.018040555839837675,""Roll"":0.11940848210435888,""Pitch"":0.0384504331662194,""Yaw"":0.1166189583607766}","{""J_wave"":0.042499800178695014,""J_shape"":0.7837704067829122,""env_err"":0.3260057042452856,""fp_err"":0.18132873774803374,""LERD"":0.008732298675839493,""LERM"":0.006309382012324821,""LER_err"":0.2774660777715257,""Tend"":899.8}",PASS,metrics computed from 04_current_runs/runs/RUN_0001_FD_SWAY_LP_9E877C00D37E_YAW_20260707T020651Z0000/input/qg_r001_center_sway_ac064de6.out
RUN_0001_FD_HEAVE_LP_9E877C00D37E_YAW_20260707T020651Z0000,LP_9E877C00D37E_YAW_20260707T020651Z0000,FD_HEAVE,curated,false,20.883,20.719426,0.78947341,0.0015044506,0.0063011469,0.035969993,0.035969993,0.26579045,0.59615491,0.52762861,1.5276286,1.5276286,-8.2867,-12.659,-8.2962,-7.775,-0.05,,0.49845963,0.24965106,0.59615491,"{""Surge"":0.4139900012883934,""Sway"":0.41254813379591976,""Roll"":0.6555237638822909,""Pitch"":0.37966302566987414,""Yaw"":0.2866647812712562}","{""Surge"":0.694133163574395,""Sway"":0.3830351608671329,""Roll"":0.23088104002761986,""Pitch"":0.08142292151490593,""Yaw"":0.09687871817782223}","{""J_wave"":0.03596999317816416,""J_shape"":0.2657904456845505,""env_err"":0.49845963222663114,""fp_err"":0.5961549062023268,""LERD"":0.0029834655567953176,""LERM"":0.0022386402227196965,""LER_err"":0.24965105844079977,""Tend"":399.8}",PASS,metrics computed from 04_current_runs/runs/RUN_0001_FD_HEAVE_LP_9E877C00D37E_YAW_20260707T020651Z0000/input/qg_r001_center_heave_adcda246.out
RUN_0001_FD_ROLL_LP_9E877C00D37E_YAW_20260707T020651Z0000,LP_9E877C00D37E_YAW_20260707T020651Z0000,FD_ROLL,curated,false,31.538776,31.040392,1.6055975,0.027285104,0.02049542,0.042903409,0.042903409,0.88937322,0.24427816,0.19167068,1.1916707,1.1916707,11.95968,14.252,11.97218,16.89,-0.05,,0.18241721,0.056064572,0.24427816,"{""Surge"":0.25324371074059254,""Sway"":0.40942134276742503,""Heave"":0.23718571507716787,""Pitch"":0.15562078806688281,""Yaw"":0.16223077276913223}","{""Surge"":0.13004178340036146,""Sway"":0.2811231135878405,""Heave"":0.032594922860306255,""Pitch"":0.24847735333665472,""Yaw"":0.10705157585119539}","{""J_wave"":0.04290340921805097,""J_shape"":0.8893732178257724,""env_err"":0.18241721165258715,""fp_err"":0.24427815646008194,""LERD"":0.006503664007973453,""LERM"":0.0068682891471598855,""LER_err"":0.05606457202269436,""Tend"":519.8}",PASS,metrics computed from 04_current_runs/runs/RUN_0001_FD_ROLL_LP_9E877C00D37E_YAW_20260707T020651Z0000/input/qg_r001_center_roll_38d48f80.out
RUN_0001_FD_PITCH_LP_9E877C00D37E_YAW_20260707T020651Z0000,LP_9E877C00D37E_YAW_20260707T020651Z0000,FD_PITCH,curated,false,30.6009,30.598882,0.0065935072,0.02323044,0.025569995,0.01304286,0.01304286,0.14070051,0.15643513,0.16386064,1.1638606,1.1638606,-9.03115,-10.511,-9.028615,-9.679,-0.05,,0.12745727,0.047724195,0.15643513,"{""Surge"":0.5026800514667843,""Sway"":0.1396456490979859,""Heave"":0.28654984503532555,""Roll"":0.34787354349089994,""Yaw"":0.27941135664577366}","{""Surge"":0.3652553627158409,""Sway"":0.11511580438120428,""Heave"":0.09709203619753709,""Roll"":0.24451383619627762,""Yaw"":0.12733165013806358}","{""J_wave"":0.013042860425132372,""J_shape"":0.14070051425382768,""env_err"":0.12745727206686872,""fp_err"":0.1564351268928968,""LERD"":0.013125939777430977,""LERM"":0.013752364686973956,""LER_err"":0.047724195003550754,""Tend"":484.68}",PASS,metrics computed from 04_current_runs/runs/RUN_0001_FD_PITCH_LP_9E877C00D37E_YAW_20260707T020651Z0000/input/qg_r001_center_pitch_e18abe27.out
RUN_0001_FD_YAW_LP_9E877C00D37E_YAW_20260707T020651Z0000,LP_9E877C00D37E_YAW_20260707T020651Z0000,FD_YAW,curated,false,47.22502,50.687273,6.8306176,0.01164859,0.024700713,0.054968897,0.054968897,1.3664736,0.094457032,0.032141886,0.96785811,0.96785811,-18.0201,-17.4409,-17.8903,-18.02,-0.05,,0.20371297,4.0143607,0.094457032,"{""Surge"":0.41697869116855496,""Sway"":0.19330885845629048,""Heave"":0.18513338716944888,""Roll"":0.22941277814636346,""Pitch"":0.06874171622244146}","{""Surge"":0.1667131756781034,""Sway"":0.06151291011602063,""Heave"":0.00833951391833249,""Roll"":0.08748756161027149,""Pitch"":0.06650130575791667}","{""J_wave"":0.05496889732570446,""J_shape"":1.3664736113085445,""env_err"":0.20371296628492622,""fp_err"":0.09445703164591869,""LERD"":0.010254479339074602,""LERM"":0.051419657684465596,""LER_err"":4.014360650036267,""Tend"":628.0}",PASS,metrics computed from 04_current_runs/runs/RUN_0001_FD_YAW_LP_9E877C00D37E_YAW_20260707T020651Z0000/input/qg_r001_center_yaw_fe6ed2b1.out
RUN_0001_FD_SURGE_GLV3_MOOR_EA1005_20260707T033530Z,GLV3_MOOR_EA1005_20260707T033530Z,FD_SURGE,curated,false,83.76,82.763612,1.2038957,0.013027448,0.020242479,0.053348573,0.053348573,1.0474947,0.32430044,0.33750887,0.66249113,0.66249113,-23.215405,-15.38,-23.35351,-13.62,-0.05,,0.40549319,0.055053081,0.32430044,"{""Sway"":0.2128838160322039,""Heave"":0.1852331087049489,""Roll"":0.24361479712415668,""Pitch"":0.07657600460438795,""Yaw"":0.2633716871586806}","{""Sway"":0.15896017090110728,""Heave"":0.01968059507325694,""Roll"":0.03291602612100948,""Pitch"":0.10723769417504003,""Yaw"":0.03816688415976064}","{""J_wave"":0.05334857271360066,""J_shape"":1.0474946636419389,""env_err"":0.405493186646324,""fp_err"":0.32430044274677616,""LERD"":0.003995852928715648,""LERM"":0.004215836944213865,""LER_err"":0.055053081137529325,""Tend"":740.9499999999999}",PASS,metrics computed from 04_current_runs/runs/RUN_0001_FD_SURGE_GLV3_MOOR_EA1005_20260707T033530Z/input/qg_r001_center_surge_9d3daf69.out
RUN_0001_FD_SWAY_GLV3_MOOR_EA1005_20260707T033530Z,GLV3_MOOR_EA1005_20260707T033530Z,FD_SWAY,curated,false,79.636154,79.430459,0.25896259,0.022805394,0.023182848,0.03494169,0.03494169,0.50825213,0.19632571,0.21740051,0.78259949,0.78259949,-15.1099,-11.825,-15.02749,-10.17,-0.05,,0.32503858,0.40340764,0.19632571,"{""Surge"":0.2551043682042764,""Heave"":0.22293736997235697,""Roll"":0.355117874232965,""Pitch"":0.14429696587477378,""Yaw"":0.482867465221205}","{""Surge"":0.09911156186697814,""Heave"":0.018040555839837675,""Roll"":0.11940848210435888,""Pitch"":0.0384504331662194,""Yaw"":0.1166189583607766}","{""J_wave"":0.03494168972507938,""J_shape"":0.5082521307620539,""env_err"":0.32503857747845694,""fp_err"":0.19632571055344925,""LERD"":0.008732298675839493,""LERM"":0.005209622666025239,""LER_err"":0.4034076410557036,""Tend"":899.8}",PASS,metrics computed from 04_current_runs/runs/RUN_0001_FD_SWAY_GLV3_MOOR_EA1005_20260707T033530Z/input/qg_r001_center_sway_ac064de6.out
RUN_0001_FD_HEAVE_GLV3_MOOR_EA1005_20260707T033530Z,GLV3_MOOR_EA1005_20260707T033530Z,FD_HEAVE,curated,false,20.874105,20.719426,0.74654395,0.0015063655,0.0063011469,0.035887932,0.035887932,0.25552806,0.59563384,0.52738726,1.5273873,1.5273873,-8.2867,-12.657,-8.2962,-7.775,-0.05,,0.49780803,0.31754657,0.59563384,"{""Surge"":0.3519566754662137,""Sway"":0.3887377994480109,""Roll"":0.6576628303465614,""Pitch"":0.34643212665006035,""Yaw"":0.37416033170701635}","{""Surge"":0.694133163574395,""Sway"":0.3830351608671329,""Roll"":0.23088104002761986,""Pitch"":0.08142292151490593,""Yaw"":0.09687871817782223}","{""J_wave"":0.0358879322336699,""J_shape"":0.25552806013289436,""env_err"":0.4978080286699966,""fp_err"":0.5956338359413618,""LERD"":0.0029834655567953176,""LERM"":0.002036076292383402,""LER_err"":0.3175465733982032,""Tend"":399.8}",PASS,metrics computed from 04_current_runs/runs/RUN_0001_FD_HEAVE_GLV3_MOOR_EA1005_20260707T033530Z/input/qg_r001_center_heave_adcda246.out
RUN_0001_FD_ROLL_GLV3_MOOR_EA1005_20260707T033530Z,GLV3_MOOR_EA1005_20260707T033530Z,FD_ROLL,curated,false,31.592439,31.040392,1.7784783,0.026335161,0.02049542,0.042523391,0.042523391,0.8994495,0.24554311,0.19267405,1.1926741,1.1926741,11.95968,14.264,11.97218,16.89,-0.05,,0.18409624,0.12123318,0.24554311,"{""Surge"":0.29914971060259665,""Sway"":0.4639331274706458,""Heave"":0.2376005080626114,""Pitch"":0.15491189983696788,""Yaw"":0.23440216918041787}","{""Surge"":0.13004178340036146,""Sway"":0.2811231135878405,""Heave"":0.032594922860306255,""Pitch"":0.24847735333665472,""Yaw"":0.10705157585119539}","{""J_wave"":0.04252339108830892,""J_shape"":0.8994494981066616,""env_err"":0.18409624261722177,""fp_err"":0.24554310527536097,""LERD"":0.006503664007973453,""LERM"":0.0072921238916189195,""LER_err"":0.12123318219988297,""Tend"":519.8}",PASS,metrics computed from 04_current_runs/runs/RUN_0001_FD_ROLL_GLV3_MOOR_EA1005_20260707T033530Z/input/qg_r001_center_roll_38d48f80.out
RUN_0001_FD_PITCH_GLV3_MOOR_EA1005_20260707T033530Z,GLV3_MOOR_EA1005_20260707T033530Z,FD_PITCH,curated,false,30.692862,30.598882,0.3071347,0.021890874,0.025569995,0.013158496,0.013158496,0.16475214,0.15625608,0.16291945,1.1629195,1.1629195,-9.03115,-10.5025,-9.028615,-9.679,-0.05,,0.1309359,0.47041312,0.15625608,"{""Surge"":0.372578297904012,""Sway"":0.14725660885825284,""Heave"":0.2891405641301566,""Roll"":0.3457816509121794,""Yaw"":0.2492931009024183}","{""Surge"":0.3652553627158409,""Sway"":0.11511580438120428,""Heave"":0.09709203619753709,""Roll"":0.24451383619627762,""Yaw"":0.12733165013806358}","{""J_wave"":0.013158496431067866,""J_shape"":0.1647521393425062,""env_err"":0.13093590172526706,""fp_err"":0.15625607954776943,""LERD"":0.013125939777430977,""LERM"":0.0193005540782053,""LER_err"":0.4704131213058808,""Tend"":484.68}",PASS,metrics computed from 04_current_runs/runs/RUN_0001_FD_PITCH_GLV3_MOOR_EA1005_20260707T033530Z/input/qg_r001_center_pitch_e18abe27.out
RUN_0001_FD_YAW_GLV3_MOOR_EA1005_20260707T033530Z,GLV3_MOOR_EA1005_20260707T033530Z,FD_YAW,curated,false,51.848787,50.687273,2.2915289,0.022407332,0.024700713,0.029530558,0.029530558,0.617194,0.18517167,0.20324527,0.79675473,0.79675473,-18.0201,-14.3576,-17.8903,-14.98,-0.05,,0.25651932,0.12580448,0.18517167,"{""Surge"":0.44920855166797397,""Sway"":0.18634392260446248,""Heave"":0.19591894339708493,""Roll"":0.25876261240237075,""Pitch"":0.08376859321140677}","{""Surge"":0.1667131756781034,""Sway"":0.06151291011602063,""Heave"":0.00833951391833249,""Roll"":0.08748756161027149,""Pitch"":0.06650130575791667}","{""J_wave"":0.02953055816512865,""J_shape"":0.6171940034516371,""env_err"":0.2565193180521344,""fp_err"":0.1851716654916117,""LERD"":0.010254479339074602,""LERM"":0.011544538815499454,""LER_err"":0.12580448346208006,""Tend"":628.0}",PASS,metrics computed from 04_current_runs/runs/RUN_0001_FD_YAW_GLV3_MOOR_EA1005_20260707T033530Z/input/qg_r001_center_yaw_fe6ed2b1.out
RUN_0001_FD_SURGE_GLV3_MOOR_EA1003_20260707T043810Z,GLV3_MOOR_EA1003_20260707T043810Z,FD_SURGE,curated,false,84.560684,82.763612,2.1713303,0.013999445,0.020242479,0.050049896,0.050049896,0.91383584,0.3221393,0.33936108,0.66063892,0.66063892,-23.215405,-15.337,-23.35351,-13.62,-0.05,,0.40334756,0.28815363,0.3221393,"{""Sway"":0.22563543168211928,""Heave"":0.18393208558968127,""Roll"":0.24242777744588337,""Pitch"":0.07852185654161221,""Yaw"":0.22357890804884087}","{""Sway"":0.15896017090110728,""Heave"":0.01968059507325694,""Roll"":0.03291602612100948,""Pitch"":0.10723769417504003,""Yaw"":0.03816688415976064}","{""J_wave"":0.0500498960734423,""J_shape"":0.9138358446188111,""env_err"":0.40334756463349,""fp_err"":0.32213929808338676,""LERD"":0.003995852928715648,""LERM"":0.005147272466591194,""LER_err"":0.2881536328829892,""Tend"":740.9499999999999}",PASS,metrics computed from 04_current_runs/runs/RUN_0001_FD_SURGE_GLV3_MOOR_EA1003_20260707T043810Z/input/qg_r001_center_surge_9d3daf69.out
RUN_0001_FD_SWAY_GLV3_MOOR_EA1003_20260707T043810Z,GLV3_MOOR_EA1003_20260707T043810Z,FD_SWAY,curated,false,80.453306,79.430459,1.2877274,0.022459631,0.023182848,0.04039608,0.04039608,0.7194234,0.17226201,0.22011397,0.77988603,0.77988603,-15.1099,-11.784,-15.02749,-10.17,-0.05,,0.35756043,0.44359628,0.17226201,"{""Surge"":0.28727831477896204,""Heave"":0.22898381164112144,""Roll"":0.3616720353126915,""Pitch"":0.16780805781528918,""Yaw"":0.4778982491953865}","{""Surge"":0.09911156186697814,""Heave"":0.018040555839837675,""Roll"":0.11940848210435888,""Pitch"":0.0384504331662194,""Yaw"":0.1166189583607766}","{""J_wave"":0.04039607957186946,""J_shape"":0.7194234005181054,""env_err"":0.3575604279613125,""fp_err"":0.17226200747541898,""LERD"":0.008732298675839493,""LERM"":0.004858683482674402,""LER_err"":0.44359627824946046,""Tend"":899.8}",PASS,metrics computed from 04_current_runs/runs/RUN_0001_FD_SWAY_GLV3_MOOR_EA1003_20260707T043810Z/input/qg_r001_center_sway_ac064de6.out
RUN_0001_FD_HEAVE_GLV3_MOOR_EA1003_20260707T043810Z,GLV3_MOOR_EA1003_20260707T043810Z,FD_HEAVE,curated,false,20.841263,20.719426,0.58803519,0.0015228095,0.0063011469,0.035851023,0.035851023,0.24984309,0.59646435,0.52750793,1.5275079,1.5275079,-8.2867,-12.658,-8.2962,-7.775,-0.05,,0.49753006,0.36455256,0.59646435,"{""Surge"":0.32931715235552744,""Sway"":0.39710471209864745,""Roll"":0.6563012170127438,""Pitch"":0.3736906226324125,""Yaw"":0.320409988564038}","{""Surge"":0.694133163574395,""Sway"":0.3830351608671329,""Roll"":0.23088104002761986,""Pitch"":0.08142292151490593,""Yaw"":0.09687871817782223}","{""J_wave"":0.03585102318301286,""J_shape"":0.24984309496338536,""env_err"":0.4975300575361858,""fp_err"":0.5964643453558978,""LERD"":0.0029834655567953176,""LERM"":0.001895835549785677,""LER_err"":0.3645525602038174,""Tend"":399.8}",PASS,metrics computed from 04_current_runs/runs/RUN_0001_FD_HEAVE_GLV3_MOOR_EA1003_20260707T043810Z/input/qg_r001_center_heave_adcda246.out
RUN_0001_FD_ROLL_GLV3_MOOR_EA1003_20260707T043810Z,GLV3_MOOR_EA1003_20260707T043810Z,FD_ROLL,curated,false,31.576128,31.040392,1.7259318,0.026905513,0.02049542,0.042856525,0.042856525,0.93205068,0.24429725,0.19192152,1.1919215,1.1919215,11.95968,14.255,11.97218,16.89,-0.05,,0.18298471,0.29732888,0.24429725,"{""Surge"":0.2770752167165217,""Sway"":0.4316336690108142,""Heave"":0.23719857401345767,""Pitch"":0.1521585508822696,""Yaw"":0.19374497951927283}","{""Surge"":0.13004178340036146,""Sway"":0.2811231135878405,""Heave"":0.032594922860306255,""Pitch"":0.24847735333665472,""Yaw"":0.10705157585119539}","{""J_wave"":0.042856524957458286,""J_shape"":0.9320506836623117,""env_err"":0.18298471326666804,""fp_err"":0.2442972469548558,""LERD"":0.006503664007973453,""LERM"":0.0084373911379413,""LER_err"":0.29732887916674494,""Tend"":519.8}",PASS,metrics computed from 04_current_runs/runs/RUN_0001_FD_ROLL_GLV3_MOOR_EA1003_20260707T043810Z/input/qg_r001_center_roll_38d48f80.out
RUN_0001_FD_PITCH_GLV3_MOOR_EA1003_20260707T043810Z,GLV3_MOOR_EA1003_20260707T043810Z,FD_PITCH,curated,false,30.585542,30.598882,0.043597017,0.022106969,0.025569995,0.014911216,0.014911216,0.1937643,0.16369782,0.16362811,1.1636281,1.1636281,-9.03115,-10.5089,-9.028615,-9.679,-0.05,,0.13154596,0.45584838,0.16369782,"{""Surge"":0.3549455174388893,""Sway"":0.15451501561768438,""Heave"":0.2869809463604712,""Roll"":0.34302412710911717,""Yaw"":0.2551989467209838}","{""Surge"":0.3652553627158409,""Sway"":0.11511580438120428,""Heave"":0.09709203619753709,""Roll"":0.24451383619627762,""Yaw"":0.12733165013806358}","{""J_wave"":0.01491121608488134,""J_shape"":0.1937642976333324,""env_err"":0.13154596241368938,""fp_err"":0.16369782215897394,""LERD"":0.013125939777430977,""LERM"":0.019109378132992298,""LER_err"":0.4558483778700077,""Tend"":484.68}",PASS,metrics computed from 04_current_runs/runs/RUN_0001_FD_PITCH_GLV3_MOOR_EA1003_20260707T043810Z/input/qg_r001_center_pitch_e18abe27.out
RUN_0001_FD_YAW_GLV3_MOOR_EA1003_20260707T043810Z,GLV3_MOOR_EA1003_20260707T043810Z,FD_YAW,curated,false,50.412986,50.687273,0.54113602,0.018743781,0.024700713,0.02413911,0.02413911,0.43154157,0.21999866,0.20499331,0.79500669,0.79500669,-18.0201,-14.3261,-17.8903,-14.98,-0.05,,0.25870785,0.13619263,0.21999866,"{""Surge"":0.45991446333140473,""Sway"":0.18834624029549024,""Heave"":0.21670863057202178,""Roll"":0.27504202132811567,""Pitch"":0.11788445172391188}","{""Surge"":0.1667131756781034,""Sway"":0.06151291011602063,""Heave"":0.00833951391833249,""Roll"":0.08748756161027149,""Pitch"":0.06650130575791667}","{""J_wave"":0.024139110329449324,""J_shape"":0.431541572034977,""env_err"":0.2587078462166993,""fp_err"":0.21999866067185114,""LERD"":0.010254479339074602,""LERM"":0.011651063811237003,""LER_err"":0.13619262626438067,""Tend"":628.0}",PASS,metrics computed from 04_current_runs/runs/RUN_0001_FD_YAW_GLV3_MOOR_EA1003_20260707T043810Z/input/qg_r001_center_yaw_fe6ed2b1.out
RUN_0001_FD_SURGE_GLV3_MOOR_EA10055_20260707T060656Z,GLV3_MOOR_EA10055_20260707T060656Z,FD_SURGE,curated,false,90.247436,82.763612,9.042408,0.014714258,0.020242479,0.052944284,0.052944284,1.0784913,0.28866907,0.32932464,0.67067536,0.67067536,-23.215405,-15.57,-23.35351,-13.62,-0.05,,0.39205797,0.14302071,0.28866907,"{""Sway"":0.22343603479993163,""Heave"":0.18202048225232612,""Roll"":0.23535466323964532,""Pitch"":0.06314595407650711,""Yaw"":0.20280541850572376}","{""Sway"":0.15896017090110728,""Heave"":0.01968059507325694,""Roll"":0.03291602612100948,""Pitch"":0.10723769417504003,""Yaw"":0.03816688415976064}","{""J_wave"":0.052944283591176915,""J_shape"":1.0784912756442533,""env_err"":0.3920579681146863,""fp_err"":0.28866907318159923,""LERD"":0.003995852928715648,""LERM"":0.003424363189909527,""LER_err"":0.1430207139755291,""Tend"":740.9499999999999}",PASS,metrics computed from 04_current_runs/runs/RUN_0001_FD_SURGE_GLV3_MOOR_EA10055_20260707T060656Z/input/qg_r001_center_surge_9d3daf69.out
RUN_0001_FD_SWAY_GLV3_MOOR_EA10055_20260707T060656Z,GLV3_MOOR_EA10055_20260707T060656Z,FD_SWAY,curated,false,76.391667,79.430459,3.8257264,0.020219845,0.023182848,0.045744107,0.045744107,0.98257177,0.18643271,0.21117943,0.78882057,0.78882057,-15.1099,-11.919,-15.02749,-10.17,-0.05,,0.34114109,0.45657918,0.18643271,"{""Surge"":0.22693493312349933,""Heave"":0.22262470548357102,""Roll"":0.35529249056515794,""Pitch"":0.16609198256272992,""Yaw"":0.5064897572842066}","{""Surge"":0.09911156186697814,""Heave"":0.018040555839837675,""Roll"":0.11940848210435888,""Pitch"":0.0384504331662194,""Yaw"":0.1166189583607766}","{""J_wave"":0.045744107196713055,""J_shape"":0.9825717659117766,""env_err"":0.34114109172265394,""fp_err"":0.18643270845102192,""LERD"":0.008732298675839493,""LERM"":0.00474531289588294,""LER_err"":0.4565791812627456,""Tend"":899.8}",PASS,metrics computed from 04_current_runs/runs/RUN_0001_FD_SWAY_GLV3_MOOR_EA10055_20260707T060656Z/input/qg_r001_center_sway_ac064de6.out
RUN_0001_FD_HEAVE_GLV3_MOOR_EA10055_20260707T060656Z,GLV3_MOOR_EA10055_20260707T060656Z,FD_HEAVE,curated,false,20.841296,20.719426,0.58819151,0.0015318672,0.0063011469,0.035852832,0.035852832,0.24562722,0.59600377,0.52738726,1.5273873,1.5273873,-8.2867,-12.657,-8.2962,-7.775,-0.05,,0.4976469,0.35580626,0.59600377,"{""Surge"":0.42034616905238437,""Sway"":0.3823037249771561,""Roll"":0.6567054682582595,""Pitch"":0.377844369412526,""Yaw"":0.2892990417739169}","{""Surge"":0.694133163574395,""Sway"":0.3830351608671329,""Roll"":0.23088104002761986,""Pitch"":0.08142292151490593,""Yaw"":0.09687871817782223}","{""J_wave"":0.035852831878904076,""J_shape"":0.24562722171766685,""env_err"":0.4976469004505882,""fp_err"":0.5960037662859666,""LERD"":0.0029834655567953176,""LERM"":0.0019219298423116067,""LER_err"":0.35580625761403356,""Tend"":399.8}",PASS,metrics computed from 04_current_runs/runs/RUN_0001_FD_HEAVE_GLV3_MOOR_EA10055_20260707T060656Z/input/qg_r001_center_heave_adcda246.out
RUN_0001_FD_ROLL_GLV3_MOOR_EA10055_20260707T060656Z,GLV3_MOOR_EA10055_20260707T060656Z,FD_ROLL,curated,false,31.596738,31.040392,1.7923265,0.026806645,0.02049542,0.043479453,0.043479453,0.94497662,0.24576139,0.19275767,1.1927577,1.1927577,11.95968,14.265,11.97218,16.89,-0.05,,0.18184042,0.29427226,0.24576139,"{""Surge"":0.27806756842424185,""Sway"":0.44118671624893463,""Heave"":0.23699280451591173,""Pitch"":0.14195988775125826,""Yaw"":0.19394667522112144}","{""Surge"":0.13004178340036146,""Sway"":0.2811231135878405,""Heave"":0.032594922860306255,""Pitch"":0.24847735333665472,""Yaw"":0.10705157585119539}","{""J_wave"":0.043479453345071514,""J_shape"":0.9449766155099472,""env_err"":0.18184042205320777,""fp_err"":0.24576139281929416,""LERD"":0.006503664007973453,""LERM"":0.008417511883200276,""LER_err"":0.294272255282631,""Tend"":519.8}",PASS,metrics computed from 04_current_runs/runs/RUN_0001_FD_ROLL_GLV3_MOOR_EA10055_20260707T060656Z/input/qg_r001_center_roll_38d48f80.out
RUN_0001_FD_PITCH_GLV3_MOOR_EA10055_20260707T060656Z,GLV3_MOOR_EA10055_20260707T060656Z,FD_PITCH,curated,false,30.677425,30.598882,0.25668595,0.021195414,0.025569995,0.014143542,0.014143542,0.19740312,0.1615267,0.16412638,1.1641264,1.1641264,-9.03115,-10.5134,-9.028615,-9.679,-0.05,,0.12710219,0.64986315,0.1615267,"{""Surge"":0.4663915361559441,""Sway"":0.1516494263061256,""Heave"":0.28455297007666236,""Roll"":0.34045633687671445,""Yaw"":0.31331635198042035}","{""Surge"":0.3652553627158409,""Sway"":0.11511580438120428,""Heave"":0.09709203619753709,""Roll"":0.24451383619627762,""Yaw"":0.12733165013806358}","{""J_wave"":0.014143541698996983,""J_shape"":0.19740311875176886,""env_err"":0.12710218508972548,""fp_err"":0.16152669542874837,""LERD"":0.013125939777430977,""LERM"":0.021656004393051115,""LER_err"":0.6498631534396428,""Tend"":484.68}",PASS,metrics computed from 04_current_runs/runs/RUN_0001_FD_PITCH_GLV3_MOOR_EA10055_20260707T060656Z/input/qg_r001_center_pitch_e18abe27.out
RUN_0001_FD_YAW_GLV3_MOOR_EA10055_20260707T060656Z,GLV3_MOOR_EA10055_20260707T060656Z,FD_YAW,curated,false,50.038603,50.687273,1.2797496,0.020482664,0.024700713,0.020145095,0.020145095,0.3205375,0.19874603,0.20418866,0.79581134,0.79581134,-18.0201,-14.3406,-17.8903,-14.98,-0.05,,0.26235247,0.17631273,0.19874603,"{""Surge"":0.5868640338603432,""Sway"":0.25431755435527426,""Heave"":0.20854238620983562,""Roll"":0.2616766839716296,""Pitch"":0.14441427771055737}","{""Surge"":0.1667131756781034,""Sway"":0.06151291011602063,""Heave"":0.00833951391833249,""Roll"":0.08748756161027149,""Pitch"":0.06650130575791667}","{""J_wave"":0.02014509480899881,""J_shape"":0.32053749659076064,""env_err"":0.2623524715262374,""fp_err"":0.19874603248469364,""LERD"":0.010254479339074602,""LERM"":0.008446484052520737,""LER_err"":0.17631273385714627,""Tend"":628.0}",PASS,metrics computed from 04_current_runs/runs/RUN_0001_FD_YAW_GLV3_MOOR_EA10055_20260707T060656Z/input/qg_r001_center_yaw_fe6ed2b1.out
